0
0
0
0
0
0
0
0
0
0
0
0
0
0
0
0
0
0
0
0
0
0
0
0
0
0
2.06226e-05
0.00047432
0.00493568
0.0306452
0.126048
0.36061
0.73433
1.07833
1.17319
1.04532
0.949898
0.982925
1.01473
1.00052
0.997009
1.00126
0.999718
1.00004
0.999996
1
1
1
1
1
1
1
1
1
1
1
1
1
1
1
1
1
1
1
1
1
1
1
1
1
1
1
1
1
1
0.999979
0.999526
0.995064
0.969355
0.873952
0.63939
0.26567
-0.0783341
-0.173191
-0.045315
0.0501015
0.0170748
-0.0147307
-0.000522353
0.00299085
-0.00125611
0.000281835
-3.99231e-05
3.69945e-06
-2.19094e-07
7.567e-09
-1.16415e-10
0
0
0
