0
0
0
0
0
0
0
0
0
0
0
0
0
0
0
0
0
0
0
0
0
0
0
0
0
0
7.73348e-06
0.000193337
0.00220404
0.0151344
0.0696349
0.225934
0.530075
0.910047
1.15691
1.13709
0.993549
0.950356
0.998981
1.01338
0.997429
0.998163
1.00121
0.999647
1.00006
0.999992
1
1
1
1
1
1
1
1
1
1
1
1
1
1
1
1
1
1
1
1
1
1
1
1
1
1
1
1
1
0.999992
0.999807
0.997796
0.984866
0.930365
0.774066
0.469925
0.0899531
-0.156906
-0.137094
0.00645062
0.0496436
0.00101936
-0.0133783
0.00257115
0.00183739
-0.00121025
0.000353419
-6.37844e-05
7.68281e-06
-6.23913e-07
3.30183e-08
-1.03319e-09
1.45519e-11
0
