-1.81899e-12
0
0
0
0
0
0
0
0
0
0
0
0
0
0
0
0
0
0
0
0
0
0
0
0
0
2.90006e-06
7.83015e-05
0.000970552
0.00730428
0.0371884
0.13506
0.359524
0.710582
1.05012
1.18033
1.08079
0.959409
0.963191
1.01046
1.0092
0.99571
0.999397
1.001
0.999608
1.00009
0.999986
1
1
1
1
1
1
1
1
1
1
1
1
1
1
1
1
1
1
1
1
1
1
1
1
1
1
1
1
0.999997
0.999922
0.999029
0.992696
0.962812
0.86494
0.640476
0.289418
-0.0501155
-0.180334
-0.0807885
0.0405911
0.0368086
-0.0104578
-0.00919696
0.00428967
0.000602804
-0.00100483
0.000392427
-8.91346e-05
1.35012e-05
-1.4159e-06
1.02365e-07
-4.89672e-09
1.40062e-10
