7.16454e-10
-1.8872e-11
2.27374e-13
0
0
0
0
0
0
0
0
0
0
0
0
0
0
0
0
0
0
0
0
0
0
0
1.08752e-06
3.15381e-05
0.000422321
0.00345723
0.0193025
0.0776256
0.231468
0.519229
0.881789
1.14139
1.15928
1.02283
0.945655
0.981389
1.01589
1.00398
0.995407
1.00046
1.00068
0.999614
1.00011
0.999979
1
1
1
1
1
1
1
1
1
1
1
1
1
1
1
1
1
1
1
1
1
1
1
1
1
1
1
0.999999
0.999968
0.999578
0.996543
0.980697
0.922374
0.768532
0.480771
0.118211
-0.141389
-0.159282
-0.022828
0.0543451
0.0186109
-0.0158933
-0.00398187
0.00459292
-0.000460917
-0.000681813
0.000386498
-0.000110841
2.07368e-05
-2.71119e-06
2.51926e-07
-1.64157e-08
