-4.35338e-08
2.58223e-09
-1.03626e-10
2.52953e-12
-2.84217e-14
0
0
0
0
0
0
0
0
0
0
0
0
0
0
0
0
0
0
0
0
0
4.0782e-07
1.26424e-05
0.000181888
0.00160926
0.00977858
0.0431543
0.142607
0.358608
0.691159
1.02446
1.18055
1.11035
0.976831
0.949409
0.998795
1.01574
0.999277
0.99623
1.00118
1.00031
0.999666
1.00012
0.999972
1
0.999999
1
1
1
1
1
1
1
1
1
1
1
1
1
1
1
1
1
1
1
1
1
1
1
1
1
0.999987
0.999818
0.998391
0.990221
0.956846
0.857393
0.641392
0.308841
-0.0244593
-0.180549
-0.110348
0.0231686
0.0505914
0.00120506
-0.0157395
0.000722603
0.00376958
-0.00117548
-0.000308808
0.000333535
-0.000123667
2.8391e-05
-4.53102e-06
5.21687e-07
