9.41318e-07
-9.6893e-08
7.33954e-09
-3.99549e-10
1.48397e-11
-3.37508e-13
3.55271e-15
0
0
0
0
0
0
0
0
0
0
0
0
0
0
0
0
0
0
0
1.52933e-07
5.04678e-06
7.76388e-05
0.000738308
0.00485118
0.0233157
0.084621
0.236039
0.510315
0.857716
1.12466
1.17373
1.0515
0.949858
0.964501
1.01132
1.01168
0.996077
0.997704
1.00147
0.99996
0.999758
1.00012
0.999965
1.00001
0.999999
1
1
1
1
1
1
1
1
1
1
1
1
1
1
1
1
1
1
1
1
1
1
1
1
0.999995
0.999922
0.999262
0.995149
0.976684
0.915379
0.763961
0.489685
0.142284
-0.124655
-0.173735
-0.0515043
0.0501418
0.0354994
-0.0113225
-0.0116843
0.00392298
0.00229605
-0.00146861
4.04046e-05
0.000242377
-0.000123795
3.50525e-05
-6.75151e-06
