-9.0922e-06
1.51359e-06
-1.87582e-07
1.74664e-08
-1.21154e-09
6.09468e-11
-2.10676e-12
4.4853e-14
-4.44089e-16
0
0
0
0
0
0
0
0
0
0
0
0
0
0
0
0
0
5.73498e-08
2.00724e-06
3.28805e-05
0.000334464
0.00236322
0.0122895
0.0486132
0.149066
0.35782
0.674875
1.00124
1.17643
1.13403
0.998108
0.942643
0.983889
1.01731
1.00588
0.994736
0.999319
1.00137
0.999695
0.99987
1.00011
0.999961
1.00001
0.999998
1
1
1
1
1
1
1
1
1
1
1
1
1
1
1
1
1
1
1
1
1
1
1
0.999998
0.999967
0.999666
0.997637
0.987711
0.951387
0.850934
0.64218
0.325125
-0.00124313
-0.176428
-0.134033
0.0018918
0.0573566
0.0161109
-0.0173109
-0.00587679
0.0052638
0.000680938
-0.00137331
0.000304771
0.000130309
-0.000109999
3.9232e-05
