3.97643e-05
-1.11556e-05
2.20138e-06
-3.23336e-07
3.60933e-08
-3.06911e-09
1.96362e-10
-9.1816e-12
2.96818e-13
-5.93969e-15
5.55112e-17
0
0
0
0
0
0
0
0
0
0
0
0
0
0
0
2.15062e-08
7.95728e-07
1.38285e-05
0.000149833
0.00113294
0.00633915
0.0271516
0.0908234
0.239905
0.50281
0.836895
1.10773
1.18243
1.07776
0.960318
0.951177
1.00158
1.0172
1.00027
0.995062
1.00066
1.001
0.999551
0.999982
1.00008
0.99996
1.00001
0.999998
1
1
1
1
1
1
1
1
1
1
1
1
1
1
1
1
1
1
1
1
1
1
0.999999
0.999986
0.99985
0.998867
0.993661
0.972848
0.909177
0.760095
0.49719
0.163105
-0.107733
-0.182428
-0.077762
0.0396817
0.0488226
-0.00157798
-0.0172008
-0.000269813
0.0049378
-0.000662264
-0.00100081
0.000449109
1.83856e-05
-8.40759e-05
