-5.04435e-05
3.61494e-05
-1.25117e-05
2.92423e-06
-5.04139e-07
6.6336e-08
-6.73985e-09
5.27467e-10
-3.13202e-11
1.36809e-12
-4.15362e-14
7.84095e-16
-6.93889e-18
0
0
0
0
0
0
0
0
0
0
0
0
0
8.06481e-09
3.14528e-07
5.77978e-06
6.64594e-05
0.000535501
0.00320816
0.0147946
0.0536301
0.154688
0.35713
0.660955
0.98022
1.1696
1.15251
1.02064
0.94221
0.968935
1.01374
1.0128
0.996201
0.996511
1.00149
1.0005
0.999531
1.00007
1.00005
0.999964
1.00001
0.999997
1
1
1
1
1
1
1
1
1
1
1
1
1
1
1
1
1
1
1
1
1
1
0.999994
0.999934
0.999464
0.996792
0.985205
0.94637
0.845312
0.64287
0.339045
0.0197801
-0.169599
-0.152515
-0.0206374
0.05779
0.031065
-0.0137366
-0.0128045
0.00379942
0.00348873
-0.00148923
-0.000499412
0.000468828
-7.38778e-05
