-0.000132928
-1.50419e-05
2.87256e-05
-1.28059e-05
3.56808e-06
-7.18756e-07
1.10242e-07
-1.31491e-08
1.22634e-09
-8.89105e-11
4.92551e-12
-2.01869e-13
5.7775e-15
-1.03216e-16
8.67362e-19
0
0
0
0
0
0
0
0
0
0
0
3.0243e-09
1.23996e-07
2.4023e-06
2.92178e-05
0.000249935
0.00159638
0.00788717
0.0308062
0.0963813
0.243236
0.496369
0.818657
1.09115
1.18686
1.10093
0.974742
0.942428
0.989076
1.01899
1.00646
0.994242
0.998417
1.00174
1.00001
0.999614
1.00013
1.00002
0.999971
1.00001
0.999996
1
1
1
1
1
1
1
1
1
1
1
1
1
1
1
1
1
1
1
1
1
0.999998
0.999971
0.99975
0.998404
0.992113
0.969194
0.903619
0.756764
0.503631
0.181343
-0.0911451
-0.186864
-0.100925
0.0252576
0.0575715
0.0109237
-0.0189873
-0.00646155
0.0057584
0.00158316
-0.00174029
-1.25949e-05
0.000386343
