0.000241484
-0.00015363
1.61067e-05
1.86222e-05
-1.18571e-05
4.00726e-06
-9.43736e-07
1.67595e-07
-2.31822e-08
2.53005e-09
-2.18128e-10
1.47322e-11
-7.64924e-13
2.9528e-14
-7.99274e-16
1.35525e-17
-1.0842e-19
0
0
0
0
0
0
0
0
0
1.13411e-09
4.87669e-08
9.93484e-07
1.27429e-05
0.000115339
0.000782441
0.00412373
0.0172682
0.0582618
0.159649
0.356518
0.648869
0.961126
1.1611
1.1666
1.04286
0.946852
0.955882
1.00612
1.01803
1.00031
0.99428
1.00019
1.00151
0.999647
0.999759
1.00015
0.999984
0.999981
1.00001
0.999996
1
1
1
1
1
1
1
1
1
1
1
1
1
1
1
1
1
1
1
1
0.999999
0.999987
0.999885
0.999218
0.995876
0.982732
0.941738
0.840351
0.643482
0.351131
0.0388738
-0.161101
-0.166602
-0.0428644
0.0531482
0.0441179
-0.00612386
-0.018029
-0.000313351
0.00572018
-0.000185042
-0.00150784
0.000352969
