0.000543763
7.93805e-05
-0.000139368
3.82671e-05
7.50693e-06
-9.71785e-06
4.13367e-06
-1.14586e-06
2.3497e-07
-3.73873e-08
4.71351e-09
-4.74327e-10
3.80283e-11
-2.40415e-12
1.17462e-13
-4.28538e-15
1.10033e-16
-1.77538e-18
1.35525e-20
0
0
0
0
0
0
0
4.25293e-10
1.91382e-08
4.0899e-07
5.51761e-06
5.2685e-05
0.000378326
0.00211881
0.00947055
0.0342838
0.101406
0.246148
0.490758
0.802509
1.07515
1.18816
1.12089
0.991392
0.938237
0.975852
1.01687
1.01287
0.995836
0.99574
1.00142
1.00098
0.999456
0.999921
1.00014
0.999962
0.999992
1.00001
0.999996
1
1
1
1
1
1
1
1
1
1
1
1
1
1
1
1
1
1
1
1
0.999994
0.999947
0.999622
0.997881
0.990529
0.965716
0.898594
0.753852
0.509242
0.197491
-0.0751489
-0.188161
-0.120888
0.00860756
0.0617634
0.0241484
-0.0168685
-0.0128738
0.00416368
0.00425991
-0.00141924
-0.000975383
