-0.000350221
0.000559513
-6.06978e-05
-0.000100098
4.89364e-05
-2.79738e-06
-6.67663e-06
3.88529e-06
-1.28799e-06
3.0544e-07
-5.56441e-08
8.03067e-09
-9.30674e-10
8.69106e-11
-6.51261e-12
3.87008e-13
-1.78555e-14
6.17531e-16
-1.50806e-17
2.32087e-19
-1.69407e-21
0
0
0
0
0
1.59485e-10
7.49578e-09
1.67672e-07
2.37345e-06
2.38439e-05
0.000180696
0.00107171
0.00509328
0.0196945
0.0625563
0.164074
0.355969
0.638241
0.943718
1.15161
1.17706
1.06392
0.955272
0.945698
0.995935
1.0205
1.00599
0.993671
0.997858
1.00196
1.00035
0.99944
1.00006
1.0001
0.999951
1
1.00001
0.999996
1
1
1
1
1
1
1
1
1
1
1
1
1
1
1
1
1
1
1
0.999998
0.999976
0.999819
0.998928
0.994907
0.980306
0.937444
0.835926
0.644031
0.361759
0.056282
-0.151608
-0.17706
-0.0639182
0.044728
0.0543023
0.00406521
-0.0204976
-0.00598539
0.00632945
0.00214226
-0.00196269
