-0.00187113
0.000192487
0.00044065
-0.000152999
-4.91353e-05
4.81655e-05
-1.07188e-05
-3.20081e-06
3.26555e-06
-1.33711e-06
3.69212e-07
-7.69016e-08
1.26295e-08
-1.66925e-09
1.79075e-10
-1.56031e-11
1.09764e-12
-6.15361e-14
2.68943e-15
-8.84148e-17
2.0585e-18
-3.02814e-20
2.11758e-22
0
0
0
5.98068e-11
2.93053e-09
6.84788e-08
1.01486e-06
1.07006e-05
8.53474e-05
0.000534434
0.00269118
0.0110714
0.0375928
0.105983
0.248725
0.485808
0.788079
1.05986
1.18714
1.13781
1.00903
0.938101
0.96334
1.01143
1.01813
0.999553
0.993701
0.99992
1.00187
0.999808
0.999559
1.00015
1.00005
0.999952
1.00001
1
0.999997
1
1
1
1
1
1
1
1
1
1
1
1
1
1
1
1
1
1
0.999999
0.999989
0.999915
0.999466
0.997309
0.988929
0.962407
0.894017
0.751275
0.514192
0.211921
-0.0598615
-0.187139
-0.137813
-0.00903319
0.0618991
0.0366601
-0.0114255
-0.0181259
0.0004467
0.00629861
7.95042e-05
