-0.00142937
-0.0013411
0.000543501
0.000249052
-0.000188256
3.35532e-07
3.82465e-05
-1.52601e-05
1.63822e-07
2.34784e-06
-1.27257e-06
4.15211e-07
-9.90917e-08
1.84589e-08
-2.76347e-09
3.37111e-10
-3.36751e-11
2.75054e-12
-1.82348e-13
9.67593e-15
-4.01718e-16
1.25844e-17
-2.79944e-19
3.944e-21
-2.64698e-23
0
2.24275e-11
1.1438e-09
2.787e-08
4.31566e-07
4.76531e-06
3.99039e-05
0.000263086
0.00139935
0.00610336
0.0220645
0.0665544
0.16806
0.355474
0.628795
0.927781
1.14156
1.18455
1.08336
0.966336
0.938699
0.984527
1.01995
1.012
0.995037
0.995302
1.00143
1.00134
0.999456
0.999751
1.00019
1
0.999962
1.00002
1
0.999998
1
1
1
1
1
1
1
1
1
1
1
1
1
1
1
1
1
1
0.999995
0.99996
0.999737
0.998601
0.993897
0.977936
0.933446
0.83194
0.644526
0.371205
0.0722188
-0.141563
-0.184551
-0.083355
0.0336639
0.061301
0.0154732
-0.0199488
-0.0119987
0.00496274
0.00469793
