0.00236709
-0.00216219
-0.000623344
0.000668658
4.82553e-05
-0.000172198
3.81261e-05
2.29204e-05
-1.61645e-05
2.91082e-06
1.26319e-06
-1.09221e-06
4.3332e-07
-1.19298e-07
2.51943e-08
-4.25355e-09
5.85639e-10
-6.63637e-11
6.20392e-12
-4.76951e-13
2.98998e-14
-1.50606e-15
5.9548e-17
-1.78153e-18
3.79411e-20
-5.12852e-22
8.41033e-12
4.45747e-10
1.13063e-08
1.82597e-07
2.10718e-06
1.8484e-05
0.000127989
0.000717082
0.00330539
0.0126768
0.0407434
0.11018
0.251029
0.481396
0.77508
1.04532
1.18441
1.15198
1.02682
0.941345
0.95243
1.00354
1.0214
1.00464
0.993016
0.997633
1.00216
1.00062
0.999331
0.999952
1.00017
0.999962
0.999977
1.00002
0.999997
0.999999
1
1
1
1
1
1
1
1
1
1
1
1
1
1
1
1
1
0.999998
0.999982
0.999872
0.999283
0.996695
0.987323
0.959257
0.88982
0.748971
0.518604
0.22492
-0.0453228
-0.184407
-0.151976
-0.0268234
0.0586552
0.0475702
-0.00353856
-0.0213953
-0.0046444
0.00698362
