0.00670592
9.15482e-05
-0.00215128
5.35121e-05
0.000597508
-0.000111965
-0.000120883
5.87145e-05
6.36286e-06
-1.38968e-05
4.67737e-06
1.73962e-07
-8.1456e-07
4.1678e-07
-1.34191e-07
3.22129e-08
-6.11983e-09
9.46036e-10
-1.20651e-10
1.27695e-11
-1.12199e-12
8.14789e-14
-4.84469e-15
2.3225e-16
-8.76542e-18
2.50954e-19
3.15387e-12
1.73463e-10
4.57312e-09
7.68977e-08
9.25728e-07
8.48906e-06
6.15957e-05
0.000362587
0.00176133
0.0071432
0.0243732
0.0702906
0.171678
0.355022
0.620323
0.913132
1.13126
1.18963
1.10099
0.979125
0.934817
0.972981
1.01662
1.01735
0.99819
0.993294
0.999908
1.00215
0.999946
0.999402
1.00011
1.00012
0.999941
0.999994
1.00001
0.999995
1
1
1
1
1
1
1
1
1
1
1
1
1
1
1
1
1
0.999999
0.999992
0.999938
0.999637
0.998239
0.992857
0.975627
0.929709
0.828322
0.644978
0.379677
0.0868685
-0.13126
-0.189631
-0.10099
0.0208752
0.0651832
0.0270188
-0.0166234
-0.0173458
0.00180996
