0.00604042
0.00483753
-0.00157631
-0.00160484
0.000533109
0.000399455
-0.000203993
-5.46488e-05
6.15324e-05
-7.77849e-06
-9.46397e-06
5.31037e-06
-7.5966e-07
-4.76373e-07
3.64083e-07
-1.40661e-07
3.86386e-08
-8.26172e-09
1.42926e-09
-2.03954e-10
2.42378e-11
-2.40713e-12
1.99541e-13
-1.37313e-14
7.76487e-16
-3.55113e-17
1.1827e-12
6.7414e-11
1.84462e-09
3.22448e-08
4.0425e-07
3.86808e-06
2.93495e-05
0.000181106
0.000924741
0.00395438
0.0142772
0.0437459
0.114051
0.253106
0.477428
0.763289
1.03153
1.18041
1.16369
1.04421
0.947276
0.94359
0.994118
1.02235
1.01025
0.99396
0.995162
1.00158
1.0016
0.999467
0.999601
1.0002
1.00005
0.999938
1.00001
1.00001
0.999995
1
1
1
1
1
1
1
1
1
1
1
1
1
1
1
1
1
0.999996
0.999971
0.999819
0.999075
0.996046
0.985723
0.956254
0.885949
0.746894
0.522572
0.236711
-0.0315306
-0.180415
-0.163687
-0.0442106
0.0527239
0.05641
0.00588242
-0.0223496
-0.0102527
