-0.00263065
0.00762597
0.00228198
-0.00238874
-0.000806673
0.000750232
0.000156455
-0.00022342
7.58723e-06
5.00634e-05
-1.70744e-05
-4.13428e-06
4.8809e-06
-1.41218e-06
-1.25791e-07
2.79861e-07
-1.36516e-07
4.34634e-08
-1.04901e-08
2.02818e-09
-3.22534e-10
4.277e-11
-4.76025e-12
4.45398e-13
-3.49499e-14
2.28546e-15
4.4339e-13
2.61673e-11
7.42146e-10
1.34668e-08
1.75547e-07
1.74969e-06
1.38566e-05
8.94433e-05
0.000478939
0.00215381
0.00820413
0.0266183
0.0737938
0.174984
0.354608
0.612666
0.899612
1.12089
1.19275
1.11679
0.992926
0.933777
0.962077
1.01102
1.02134
1.00263
0.992374
0.997718
1.00239
1.00081
0.99925
0.999844
1.00022
0.999992
0.99995
1.00002
1
0.999995
1
1
1
1
1
1
1
1
1
1
1
1
1
1
1
1
0.999998
0.999986
0.999911
0.999521
0.997846
0.991796
0.973382
0.926206
0.825016
0.645392
0.387334
0.100388
-0.120892
-0.192752
-0.116792
0.00707438
0.066223
0.0379229
-0.0110205
-0.0213423
