-0.0156156
0.00355453
0.00690405
-0.00013754
-0.0023793
-2.50754e-05
0.000722179
-6.02205e-05
-0.000184277
5.23917e-05
3.01963e-05
-2.06141e-05
8.63928e-07
3.64789e-06
-1.71642e-06
1.87127e-07
1.74426e-07
-1.21071e-07
4.57283e-08
-1.254e-08
2.71145e-09
-4.79384e-10
7.06092e-11
-8.74941e-12
9.15973e-13
-8.10302e-14
1.72354e-13
1.0145e-11
2.97875e-10
5.6034e-09
7.58374e-08
7.86109e-07
6.48654e-06
4.3715e-05
0.000244952
0.0011557
0.00463204
0.0158657
0.0466109
0.117637
0.254992
0.473833
0.752528
1.01846
1.1755
1.17325
1.06085
0.955262
0.936996
0.983968
1.02101
1.01562
0.996445
0.993096
1.00014
1.00238
1.00003
0.999278
1.00006
1.00018
0.999948
0.99997
1.00002
0.999999
0.999996
1
1
1
1
1
1
1
1
1
1
1
1
1
1
1
0.999999
0.999994
0.999956
0.999755
0.998844
0.995368
0.984134
0.953389
0.882363
0.745008
0.526167
0.247472
-0.0184605
-0.1755
-0.17325
-0.0608473
0.0447384
0.063004
0.0160316
-0.0210091
