-0.0236166
-0.00775263
0.00720687
0.00468215
-0.0018584
-0.00177669
0.000549423
0.000522186
-0.000204541
-0.000111033
7.3652e-05
8.36795e-06
-1.89111e-05
4.59267e-06
1.98427e-06
-1.67313e-06
4.20308e-07
6.20269e-08
-9.54585e-08
4.47276e-08
-1.41042e-08
3.42131e-09
-6.71991e-10
1.09599e-10
-1.50447e-11
1.75027e-12
-1.10636e-13
3.94377e-12
1.1929e-10
2.32341e-09
3.26043e-08
3.50969e-07
3.01255e-06
2.11597e-05
0.000123833
0.000611638
0.00257317
0.00927922
0.0287994
0.0770889
0.178024
0.354227
0.605699
0.88709
1.11059
1.19429
1.13082
1.0072
0.935214
0.952327
1.00373
1.02362
1.00775
0.992793
0.995318
1.00186
1.00178
0.999451
0.999478
1.0002
1.00011
0.999926
0.999992
1.00002
0.999995
0.999998
1
1
1
1
1
1
1
1
1
1
1
1
1
1
1
0.999997
0.999979
0.999876
0.999388
0.997427
0.990721
0.971201
0.922911
0.821976
0.645773
0.394301
0.11291
-0.110592
-0.194286
-0.130818
-0.00720234
0.0647863
0.0476726
-0.0037302
