-0.017613
-0.0201534
-0.000159812
0.00813004
0.00191385
-0.00264533
-0.000894182
0.000829973
0.000246258
-0.000260317
-3.00877e-05
7.22561e-05
-1.00222e-05
-1.35071e-05
6.55249e-06
2.86697e-07
-1.34526e-06
5.47632e-07
-4.18152e-08
-6.25744e-08
4.01889e-08
-1.48861e-08
4.07702e-09
-8.90558e-10
1.60556e-10
-2.4327e-11
3.1518e-12
1.17715e-12
4.77055e-11
9.60255e-10
1.39543e-08
1.55776e-07
1.38886e-06
1.01504e-05
6.19304e-05
0.000319594
0.00140819
0.00533313
0.0174375
0.049348
0.120976
0.256717
0.470554
0.742655
1.00608
1.16991
1.18095
1.07653
0.964755
0.932633
0.973743
1.01761
1.02015
1.00016
0.99187
0.998086
1.00265
1.00089
0.99917
0.999754
1.00026
1.00003
0.999928
1.00001
1.00001
0.999993
1
1
0.999999
1
1
1
1
1
1
1
1
1
1
1
1
0.999999
0.99999
0.999938
0.99968
0.998592
0.994667
0.982562
0.950652
0.879024
0.743283
0.529446
0.257345
-0.00607689
-0.169915
-0.180947
-0.0765284
0.0352453
0.0673672
0.0262573
