0.00466723
-0.0240494
-0.0129734
0.00544809
0.0068352
-0.000572864
-0.00255854
-2.87307e-05
0.000826599
-1.66716e-05
-0.000237303
3.70699e-05
5.41947e-05
-2.16138e-05
-6.42035e-06
6.71027e-06
-1.10851e-06
-8.39424e-07
5.63201e-07
-1.23281e-07
-2.66331e-08
3.23812e-08
-1.46593e-08
4.58457e-09
-1.11734e-09
2.22614e-10
-3.71329e-11
5.84616e-12
1.83784e-11
3.95728e-10
5.94708e-09
6.87617e-08
6.3591e-07
4.82859e-06
3.06631e-05
0.000165027
0.000760025
0.00301612
0.0103629
0.030917
0.0801971
0.180832
0.353873
0.599322
0.87545
1.10044
1.19453
1.14317
1.02156
0.938737
0.944034
0.995333
1.02405
1.01297
0.994552
0.993165
1.00057
1.00256
1.00003
0.999173
1.00002
1.00024
0.999963
0.999946
1.00002
1.00001
0.999993
1
1
0.999999
1
1
1
1
1
1
1
1
1
1
1
0.999999
0.999995
0.999969
0.999835
0.99924
0.996984
0.989637
0.969083
0.919803
0.819168
0.646127
0.400678
0.12455
-0.100444
-0.194532
-0.143169
-0.0215609
0.0612627
0.0559662
