0.0360671
-0.0125139
-0.0234855
-0.00468083
0.00827094
0.00423056
-0.0022435
-0.00185807
0.000608245
0.000617289
-0.000204817
-0.000161992
7.77883e-05
2.79071e-05
-2.53923e-05
4.02812e-07
5.41955e-06
-1.98495e-06
-2.79803e-07
4.81099e-07
-1.72848e-07
7.57827e-09
2.21178e-08
-1.33229e-08
4.85184e-09
-1.32759e-09
2.92703e-10
-5.34842e-11
1.59182e-11
1.61451e-10
2.52465e-09
3.01965e-08
2.89294e-07
2.27906e-06
1.50406e-05
8.42788e-05
0.000404946
0.00168043
0.00605317
0.018989
0.0519663
0.124095
0.258302
0.467547
0.733551
0.994339
1.16385
1.18703
1.09115
0.975301
0.930371
0.963933
1.01251
1.02349
1.00468
0.991729
0.995769
1.00224
1.00186
0.999392
0.999383
1.0002
1.00016
0.999922
0.999972
1.00003
1
0.999995
1
1
1
1
1
1
1
1
1
1
1
1
1
1
0.999998
0.999985
0.999916
0.999595
0.99832
0.993947
0.981011
0.948034
0.875905
0.741698
0.532453
0.266449
0.00566089
-0.163851
-0.187032
-0.0911457
0.024699
0.0696295
