0.0626599
0.0136539
-0.0227009
-0.0178052
0.00252666
0.00837477
0.00129774
-0.00290822
-0.000885026
0.000919926
0.00031013
-0.000291521
-6.67212e-05
8.90554e-05
1.68468e-06
-2.23816e-05
5.50848e-06
3.26996e-06
-2.27108e-06
2.18679e-07
3.30981e-07
-1.86932e-07
3.55839e-08
1.0645e-08
-1.09375e-08
4.8064e-09
-1.49241e-09
3.6542e-10
-7.07317e-11
7.91682e-11
1.06584e-09
1.3197e-08
1.30817e-07
1.06784e-06
7.31337e-06
4.26001e-05
0.000213184
0.000923338
0.00347965
0.0114507
0.0329725
0.0831368
0.183439
0.353544
0.593454
0.864597
1.0905
1.19373
1.15397
1.03572
0.943971
0.93734
0.986346
1.0227
1.01781
0.997473
0.991625
0.998702
1.00291
1.00089
0.99908
0.99969
1.00029
1.00007
0.999911
0.999998
1.00002
0.999994
0.999997
1
1
1
1
1
1
1
1
1
1
1
1
1
0.999999
0.999993
0.999957
0.999787
0.999077
0.99652
0.988549
0.967028
0.916863
0.816561
0.646456
0.406546
0.135403
-0.0905046
-0.193733
-0.153972
-0.0357182
0.0560285
