0.0699836
0.0451116
-0.00610489
-0.0254093
-0.00956879
0.00726119
0.0064519
-0.00116412
-0.00267527
4.47308e-05
0.000916871
8.28616e-06
-0.000282427
1.9795e-05
7.57634e-05
-1.82615e-05
-1.49311e-05
8.1553e-06
9.12249e-07
-2.03005e-06
5.72013e-07
1.50802e-07
-1.68227e-07
5.40462e-08
-5.65819e-10
-7.73134e-09
4.41233e-09
-1.58308e-09
4.34092e-10
-6.90382e-11
4.67909e-10
5.73836e-09
5.88209e-08
4.96904e-07
3.52704e-06
2.13266e-05
0.00011098
0.000500815
0.00197072
0.00678833
0.0205178
0.0544743
0.127021
0.259766
0.464774
0.725121
0.983205
1.15745
1.19173
1.10466
0.986531
0.930016
0.954888
1.0061
1.02541
1.00957
0.992739
0.993548
1.00116
1.00268
0.999955
0.999083
0.999992
1.00028
0.99998
0.999924
1.00002
1.00001
0.999992
0.999999
1
0.999999
1
1
1
1
1
1
1
1
1
1
1
0.999996
0.999979
0.999889
0.999499
0.998029
0.993212
0.979482
0.945526
0.872979
0.740234
0.535226
0.274879
0.0167947
-0.157454
-0.191726
-0.104657
0.0134686
