0.0494274
0.067721
0.0227964
-0.0197461
-0.0218822
-0.00127748
0.00906145
0.00349473
-0.00268281
-0.00184416
0.000711784
0.00068517
-0.000214305
-0.000205433
7.8561e-05
4.75001e-05
-2.87657e-05
-5.8574e-06
8.32495e-06
-1.09649e-06
-1.42207e-06
7.39317e-07
-2.14855e-08
-1.24753e-07
6.13509e-08
-1.00794e-08
-4.07315e-09
3.68201e-09
-1.57606e-09
4.97564e-10
6.94257e-11
2.51145e-09
2.63031e-08
2.29737e-07
1.68797e-06
1.05806e-05
5.71715e-05
0.000268375
0.00110076
0.00396107
0.0125391
0.0349676
0.0859237
0.185868
0.353237
0.58803
0.854446
1.08081
1.19209
1.16336
1.04948
0.950573
0.932279
0.977204
1.01975
1.02188
1.00128
0.990939
0.996505
1.00268
1.00184
0.999288
0.999315
1.00021
1.00021
0.999921
0.999952
1.00003
1.00001
0.999992
1
1
0.999999
1
1
1
1
1
1
1
1
1
1
0.999998
0.999989
0.999943
0.999732
0.998899
0.996039
0.987461
0.965032
0.914076
0.814132
0.646763
0.41197
0.145554
-0.0808089
-0.192087
-0.163359
-0.0494761
