0.00184806
0.0686504
0.053161
0.00122737
-0.025865
-0.0144224
0.0051752
0.0082663
0.000482312
-0.00314051
-0.000780853
0.0010213
0.00034454
-0.000323412
-9.78264e-05
0.000102412
1.50178e-05
-2.97083e-05
2.32452e-06
6.5647e-06
-2.39627e-06
-6.52244e-07
7.24189e-07
-1.55311e-07
-6.78728e-08
5.78276e-08
-1.67558e-08
-4.14184e-10
2.67963e-09
-1.45571e-09
5.96216e-10
9.31666e-10
1.17386e-08
1.05565e-07
8.02003e-07
5.205e-06
2.91638e-05
0.000142197
0.000606919
0.00227742
0.00753536
0.022022
0.0568798
0.129773
0.261125
0.462206
0.717285
0.972634
1.15083
1.19522
1.11706
0.998152
0.93135
0.946839
0.998773
1.02586
1.01442
0.994825
0.991734
0.999518
1.00314
1.00078
0.998979
0.999655
1.00032
1.0001
0.999898
0.999985
1.00003
0.999998
0.999993
1
1
0.999999
1
1
1
1
1
1
1
1
1
0.999999
0.999995
0.999971
0.999858
0.999393
0.997723
0.992465
0.977978
0.94312
0.870227
0.738875
0.537794
0.282715
0.0273657
-0.150833
-0.195224
-0.117062
