-0.0627006
0.0417627
0.0711922
0.0317497
-0.015424
-0.0249606
-0.005643
0.00878407
0.00573369
-0.00184924
-0.00270849
0.00018991
0.000992782
9.46336e-06
-0.000322311
5.46133e-06
9.46693e-05
-1.26788e-05
-2.32868e-05
7.9187e-06
3.73436e-06
-2.86238e-06
8.19209e-08
5.6643e-07
-2.32459e-07
-9.80535e-09
4.55714e-08
-1.99507e-08
2.7887e-09
1.5156e-09
-1.20316e-09
9.785e-10
5.02619e-09
4.82743e-08
3.78457e-07
2.54018e-06
1.47399e-05
7.45459e-05
0.000330597
0.00129145
0.00445796
0.0136251
0.0369045
0.0885718
0.188141
0.352949
0.582996
0.844926
1.07138
1.18975
1.17146
1.0627
0.958237
0.928808
0.96825
1.01542
1.02496
1.00564
0.991216
0.994266
1.00185
1.00271
0.99981
0.999007
0.999991
1.00032
0.999995
0.999905
1.00001
1.00002
0.999992
0.999996
1
1
0.999999
1
1
1
1
1
1
1
1
1
0.999997
0.999985
0.999925
0.999669
0.998709
0.995542
0.986375
0.963095
0.911428
0.811859
0.647051
0.417004
0.155074
-0.0713776
-0.189755
-0.171462
