-0.12839
-0.00993167
0.0658567
0.0600799
0.00912926
-0.0248969
-0.0189085
0.00218184
0.00944356
0.00250879
-0.00311933
-0.001729
0.000853287
0.000724396
-0.000237867
-0.000240869
7.98859e-05
6.55648e-05
-3.00753e-05
-1.29107e-05
1.02503e-05
7.37543e-07
-2.58286e-06
6.31649e-07
3.2741e-07
-2.48825e-07
3.87927e-08
2.79227e-08
-1.96136e-08
5.15371e-09
3.3693e-10
-7.2488e-10
2.76909e-09
2.17502e-08
1.77499e-07
1.23038e-06
7.3853e-06
3.86921e-05
0.000178041
0.000722922
0.002599
0.00829145
0.0235008
0.0591897
0.132369
0.26239
0.459818
0.709975
0.962587
1.14408
1.19769
1.12839
1.00993
0.934143
0.93992
0.990871
1.0249
1.01891
0.997818
0.990556
0.997491
1.00312
1.00173
0.999147
0.999276
1.00024
1.00024
0.99992
0.999934
1.00003
1.00001
0.99999
0.999999
1
0.999999
1
1
1
1
1
1
1
1
1
0.999999
0.999993
0.999961
0.999822
0.999277
0.997401
0.991709
0.976499
0.94081
0.867631
0.73761
0.540182
0.290025
0.0374133
-0.144075
-0.197692
