-0.178406
-0.0753052
0.0332962
0.0731639
0.0402513
-0.00999937
-0.0269045
-0.0102511
0.00754128
0.00775074
-0.000468598
-0.00330147
-0.000586848
0.00112774
0.000347436
-0.000359275
-0.000120961
0.00011461
2.79096e-05
-3.55936e-05
-2.07978e-06
9.57811e-06
-1.6967e-06
-1.79247e-06
9.19373e-07
7.32921e-08
-2.12998e-07
7.06687e-08
8.73782e-09
-1.62679e-08
6.44334e-09
-6.63347e-10
4.52632e-10
1.03238e-08
8.25287e-08
5.91797e-07
3.67008e-06
1.98947e-05
9.48612e-05
0.00039979
0.00149456
0.00496818
0.0147065
0.0387853
0.0910929
0.190274
0.352678
0.578305
0.835974
1.06222
1.18687
1.17841
1.07531
0.966704
0.926836
0.959749
1.01
1.0269
1.01025
0.992459
0.992249
1.00047
1.0033
1.00059
0.998872
0.999653
1.00036
1.00012
0.999885
0.999972
1.00004
1
0.99999
1
1
0.999999
1
1
1
1
1
1
1
1
0.999999
0.999996
0.99998
0.999905
0.9996
0.998505
0.995032
0.985293
0.961215
0.908907
0.809726
0.647322
0.421695
0.164026
-0.0622214
-0.186868
