-0.199275
-0.138685
-0.0216921
0.0618218
0.0658052
0.0172932
-0.0226201
-0.0227726
-0.00149728
0.00984388
0.00469467
-0.00255834
-0.00263759
0.000395449
0.00104945
-1.51184e-05
-0.000358246
-2.83249e-06
0.000111544
-6.74163e-06
-3.09638e-05
6.48115e-06
6.8073e-06
-3.14196e-06
-7.87499e-07
9.41073e-07
-1.39827e-07
-1.42409e-07
8.29029e-08
-8.38069e-09
-1.08769e-08
6.61724e-09
-1.13319e-09
4.2938e-09
3.86345e-08
2.8253e-07
1.80981e-06
1.01391e-05
5.00352e-05
0.00021858
0.000848445
0.00293401
0.00905425
0.0249533
0.0614105
0.134824
0.263573
0.457589
0.703134
0.953026
1.13724
1.19928
1.13869
1.02169
0.938178
0.934195
0.982707
1.02262
1.02277
1.0015
0.990156
0.995305
1.00256
1.00264
0.999605
0.998951
1.00002
1.00036
1
0.999888
1.00001
1.00003
0.999994
0.999993
1
1
0.999999
1
1
1
1
1
1
1
1
0.999998
0.99999
0.99995
0.999781
0.999152
0.997066
0.990946
0.975047
0.93859
0.865176
0.736427
0.542411
0.296866
0.0469744
-0.137245
