-0.183534
-0.184308
-0.0872391
0.0242498
0.0737548
0.0481111
-0.00373827
-0.0276665
-0.0148134
0.00541507
0.00933057
0.00133114
-0.00349469
-0.00151011
0.00101983
0.000731986
-0.000276862
-0.000267857
8.44853e-05
8.14836e-05
-3.06106e-05
-1.99497e-05
1.12841e-05
3.11709e-06
-3.5027e-06
1.55023e-07
7.51807e-07
-2.75908e-07
-5.824e-08
7.68356e-08
-2.07272e-08
-4.62864e-09
5.8976e-09
-6.6872e-11
1.78499e-08
1.34388e-07
8.85748e-07
5.12421e-06
2.61413e-05
0.000118227
0.000475848
0.00170927
0.0054898
0.0157814
0.0406122
0.0934978
0.192282
0.352423
0.57392
0.827537
1.05334
1.18353
1.18431
1.08724
0.97575
0.926245
0.951889
1.00374
1.02767
1.01481
0.994585
0.990669
0.998669
1.00349
1.00151
0.99898
0.999268
1.00028
1.00027
0.999916
0.999919
1.00003
1.00002
0.999989
0.999997
1
1
0.999999
1
1
1
1
1
1
1
0.999999
0.999995
0.999974
0.999882
0.999524
0.998291
0.99451
0.984219
0.959388
0.906502
0.807718
0.647577
0.42608
0.172463
-0.0533442
