-0.130391
-0.200098
-0.148004
-0.0332972
0.0567503
0.0703265
0.0254621
-0.0191925
-0.0258376
-0.00562112
0.00941195
0.00682022
-0.00147848
-0.0033537
-0.00031331
0.00122813
0.000317687
-0.000399591
-0.000134603
0.000127402
3.90731e-05
-4.06245e-05
-6.90444e-06
1.21257e-05
-3.86202e-07
-2.95852e-06
8.36032e-07
4.41012e-07
-3.22747e-07
1.96218e-08
5.7134e-08
-2.68856e-08
1.33102e-09
4.9767e-09
5.90637e-09
6.37912e-08
4.30715e-07
2.56909e-06
1.35354e-05
6.33005e-05
0.000263845
0.000983082
0.00328114
0.00982173
0.0263794
0.0635481
0.137153
0.264683
0.455502
0.696714
0.943917
1.13039
1.2001
1.148
1.0333
0.94325
0.929673
0.974538
1.01919
1.02584
1.00562
0.990588
0.99318
1.00148
1.00335
1.00031
0.998772
0.999682
1.0004
1.00013
0.999873
0.999961
1.00004
1.00001
0.999988
1
1
0.999999
1
1
1
1
1
1
1
1
0.999997
0.999986
0.999937
0.999736
0.999017
0.996719
0.990178
0.973621
0.936452
0.862847
0.735317
0.544498
0.303286
0.0560834
