-0.0447449
-0.17984
-0.189276
-0.0984771
0.014809
0.0730973
0.0551994
0.00310859
-0.0272663
-0.0190871
0.00254335
0.0103192
0.00338424
-0.00321902
-0.00244796
0.000644779
0.00107939
-6.50976e-05
-0.000389881
-3.22754e-06
0.00012703
-1.85471e-06
-3.79417e-05
4.44687e-06
9.81249e-06
-2.91481e-06
-1.85711e-06
1.16222e-06
1.05225e-07
-2.89828e-07
7.64849e-08
3.03157e-08
-2.68068e-08
6.22523e-09
5.78104e-09
2.77294e-08
2.08623e-07
1.27847e-06
6.94877e-06
3.35681e-05
0.000144725
0.000558627
0.00193476
0.00602112
0.0168484
0.0423874
0.0957959
0.194177
0.352181
0.569809
0.819566
1.04474
1.17984
1.18928
1.09848
0.985191
0.926903
0.944801
0.996891
1.02727
1.01909
0.997457
0.989681
0.996616
1.00322
1.00245
0.999355
0.998921
1.00007
1.00039
1
0.999873
1
1.00004
0.999996
0.99999
1
1
0.999999
1
1
1
1
1
1
1
0.999999
0.999993
0.999966
0.999855
0.999441
0.998065
0.993979
0.983152
0.957613
0.904204
0.805823
0.647819
0.430191
0.180434
