0.0647721
-0.123553
-0.200266
-0.156406
-0.044645
0.0508278
0.0736716
0.0334281
-0.0147933
-0.0279959
-0.00995327
0.00816309
0.00869056
4.11522e-05
-0.00375528
-0.0011918
0.00119435
0.000704537
-0.000329953
-0.000285484
9.39505e-05
9.49802e-05
-3.14979e-05
-2.65569e-05
1.17576e-05
5.71046e-06
-4.10908e-06
-5.92646e-07
1.14326e-06
-1.75044e-07
-2.01843e-07
1.04961e-07
3.12357e-09
-2.15601e-08
1.01877e-08
1.39562e-08
9.83082e-08
6.32428e-07
3.53856e-06
1.76398e-05
7.85795e-05
0.000313833
0.00112641
0.00363916
0.0105922
0.027779
0.0656079
0.139365
0.265726
0.453542
0.690671
0.935228
1.12355
1.20027
1.15641
1.04465
0.949172
0.926328
0.966572
1.01479
1.028
1.00995
0.991837
0.991309
0.999959
1.00376
1.00119
0.998806
0.999295
1.00033
1.00029
0.999906
0.999905
1.00003
1.00003
0.999988
0.999994
1
1
0.999999
1
1
1
1
1
1
0.999999
0.999996
0.999982
0.999921
0.999686
0.998874
0.996361
0.989408
0.972221
0.934392
0.860635
0.734274
0.546458
0.309329
