0.187979
-0.0364194
-0.175861
-0.193407
-0.109013
0.00512738
0.0713284
0.0614358
0.0103146
-0.025772
-0.0228803
-0.000904301
0.0106254
0.00551297
-0.00246369
-0.00326853
2.34437e-05
0.00130894
0.000255376
-0.000442588
-0.000137637
0.000141766
4.76796e-05
-4.54548e-05
-1.15713e-05
1.42792e-05
1.27224e-06
-4.01786e-06
4.97874e-07
8.65886e-07
-3.49882e-07
-9.01411e-08
1.05122e-07
-1.88624e-08
-1.27402e-08
1.55693e-08
4.60592e-08
3.09147e-07
1.78899e-06
9.1898e-06
4.22548e-05
0.000174417
0.000647958
0.00217027
0.00656063
0.0179063
0.0441132
0.0979954
0.19597
0.351952
0.565943
0.812021
1.03642
1.17586
1.19341
1.10901
0.994873
0.928672
0.938564
0.989685
1.02577
1.02288
1.0009
0.989375
0.994487
1.00246
1.00327
0.999977
0.998691
0.999745
1.00044
1.00014
0.999858
0.999952
1.00005
1.00001
0.999986
0.999999
1
1
0.999999
1
1
1
1
1
1
0.999998
0.999991
0.999958
0.999826
0.999352
0.99783
0.993439
0.982094
0.955887
0.902005
0.80403
0.648048
0.434057
