0.315029
0.0730697
-0.11676
-0.199871
-0.163953
-0.0556611
0.0442203
0.0758938
0.0410288
-0.00960799
-0.0291984
-0.0142778
0.00616634
0.0101495
0.00188266
-0.00376258
-0.00213464
0.000917001
0.00107454
-0.000138056
-0.000415477
5.25784e-06
0.000141409
9.93428e-07
-4.43903e-05
2.35804e-06
1.26329e-05
-2.33741e-06
-2.98572e-06
1.20035e-06
4.55974e-07
-4.0445e-07
1.55502e-08
8.30358e-08
-3.20647e-08
-1.35882e-09
3.05417e-08
1.48528e-07
8.96976e-07
4.74928e-06
2.25143e-05
9.59488e-05
0.000368515
0.00127802
0.00400694
0.0113641
0.0291521
0.0675949
0.141471
0.26671
0.451696
0.684971
0.92693
1.11676
1.19987
1.16395
1.05566
0.95578
0.924106
0.958971
1.00961
1.0292
1.01428
0.993834
0.989851
0.998117
1.00376
1.00213
0.999083
0.998925
1.00014
1.00042
0.999995
0.999859
0.999999
1.00004
0.999998
0.999987
1
1
0.999999
1
1
1
1
1
1
0.999999
0.999995
0.999977
0.999904
0.999631
0.998722
0.995993
0.988636
0.970848
0.932405
0.858529
0.73329
0.548304
