0.437702
0.195135
-0.0283613
-0.171655
-0.19679
-0.118854
-0.0046691
0.068583
0.0667786
0.0176819
-0.023284
-0.026052
-0.00474617
0.0102155
0.00754731
-0.00126766
-0.00385776
-0.000786784
0.00135753
0.000639509
-0.000393663
-0.000292379
0.000108906
0.000105772
-3.35774e-05
-3.25326e-05
1.20547e-05
8.30339e-06
-4.45182e-06
-1.49699e-06
1.44446e-06
4.02688e-08
-3.54503e-07
9.33573e-08
4.83088e-08
-3.49375e-08
1.44421e-08
7.87743e-08
4.43945e-07
2.43514e-06
1.18927e-05
5.22729e-05
0.000207341
0.000743649
0.00241505
0.00710698
0.0189542
0.0457917
0.100104
0.19767
0.351735
0.562298
0.804865
1.02836
1.17166
1.19679
1.11885
1.00467
0.931417
0.933221
0.982318
1.02328
1.02605
1.00475
0.989784
0.992453
1.00127
1.00386
1.00079
0.998642
0.99936
1.00039
1.00029
0.999891
0.999894
1.00003
1.00003
0.999988
0.999992
1
1
0.999999
1
1
1
1
1
1
0.999998
0.999988
0.999948
0.999793
0.999256
0.997585
0.992893
0.981046
0.954208
0.899896
0.80233
0.648265
