0.550046
0.320419
0.081003
-0.110034
-0.198993
-0.170706
-0.0662922
0.0370735
0.0770629
0.0481418
-0.00381742
-0.0294427
-0.0184083
0.0035277
0.0110852
0.00390817
-0.00334082
-0.00302991
0.000401207
0.00135631
0.000162316
-0.000484828
-0.000129237
0.000157892
5.31242e-05
-5.06043e-05
-1.56818e-05
1.62213e-05
3.05128e-06
-4.93816e-06
-2.45882e-08
1.28557e-06
-2.83295e-07
-2.35902e-07
1.32447e-07
1.14604e-08
-2.6826e-08
4.47391e-08
2.23755e-07
1.23629e-06
6.23063e-06
2.82175e-05
0.000115471
0.00042784
0.00143746
0.00438345
0.0121362
0.0304992
0.0695134
0.14348
0.26764
0.449954
0.679581
0.918997
1.11003
1.19899
1.17071
1.06629
0.962927
0.922937
0.951858
1.00382
1.02944
1.01841
0.996472
0.988915
0.996092
1.00334
1.00303
0.999599
0.998644
0.999838
1.00048
1.00013
0.999842
0.999947
1.00005
1.00002
0.999984
0.999997
1
1
0.999999
1
1
1
1
1
0.999999
0.999994
0.999972
0.999885
0.999572
0.998563
0.995617
0.987864
0.969501
0.930487
0.85652
0.73236
