0.648472
0.441147
0.201935
-0.0205627
-0.167273
-0.199505
-0.128015
-0.0144784
0.0649902
0.0712161
0.0250419
-0.0199218
-0.028508
-0.00880301
0.00910375
0.00933848
0.000292676
-0.00413035
-0.00170438
0.00118826
0.00102795
-0.000229612
-0.000432374
2.28855e-05
0.000154495
1.13008e-06
-5.04744e-05
6.47193e-07
1.52705e-05
-1.59102e-06
-4.09425e-06
1.08092e-06
8.61017e-07
-4.61631e-07
-9.1847e-08
1.3312e-07
-1.80203e-08
-4.77484e-09
1.20816e-07
6.25833e-07
3.23573e-06
1.51e-05
6.36858e-05
0.000243516
0.000845495
0.00266841
0.00765897
0.0199914
0.0474249
0.102128
0.199286
0.351528
0.558853
0.798065
1.02056
1.16727
1.1995
1.12802
1.01448
0.93501
0.928784
0.974958
1.01992
1.02851
1.0088
0.990896
0.990662
0.999707
1.00413
1.0017
0.998812
0.998972
1.00023
1.00043
0.999977
0.999846
0.999999
1.00005
0.999999
0.999985
1
1
0.999999
0.999999
1
1
1
1
0.999999
0.999997
0.999985
0.999936
0.999756
0.999155
0.997332
0.992341
0.980009
0.952575
0.897872
0.800714
