0.731478
0.551695
0.325527
0.0885968
-0.103391
-0.197699
-0.176725
-0.0765025
0.0295144
0.0772585
0.054679
0.00240875
-0.0287621
-0.0221919
0.00037515
0.0114301
0.00597564
-0.00249668
-0.00377349
-0.000316391
0.00148973
0.000536328
-0.000462844
-0.000286997
0.000129146
0.000113434
-3.73922e-05
-3.77544e-05
1.25211e-05
1.07753e-05
-4.63741e-06
-2.46647e-06
1.64535e-06
3.37537e-07
-4.88293e-07
3.87388e-08
1.04564e-07
-3.19458e-08
4.39773e-08
3.25896e-07
1.66767e-06
8.01106e-06
3.48027e-05
0.000137195
0.000491737
0.00160434
0.00476774
0.0129075
0.0318205
0.0713676
0.1454
0.268522
0.448305
0.674473
0.911403
1.10339
1.1977
1.17673
1.0765
0.970486
0.922741
0.945321
0.997591
1.02876
1.02219
0.999625
0.98857
0.994024
1.0025
1.00377
1.00032
0.99851
0.999464
1.00046
1.00029
0.999871
0.999887
1.00004
1.00004
0.999987
0.999989
1
1
0.999998
1
1
1
1
1
0.999998
0.999992
0.999965
0.999863
0.999508
0.998396
0.995232
0.987093
0.968179
0.928632
0.8546
