0.799175
0.648669
0.444409
0.208407
-0.0130149
-0.162755
-0.201622
-0.13652
-0.0242183
0.0606706
0.0747592
0.0322553
-0.0158141
-0.0301946
-0.012908
0.00734164
0.0107666
0.00211671
-0.00403453
-0.00263668
0.00079304
0.00135797
4.24636e-05
-0.000521798
-0.000108962
0.000175272
5.49103e-05
-5.63813e-05
-1.89463e-05
1.81509e-05
4.77731e-06
-5.7499e-06
-6.53166e-07
1.6689e-06
-1.35626e-07
-3.93885e-07
1.29302e-07
6.16006e-08
-2.05383e-08
1.59187e-07
8.64302e-07
4.21417e-06
1.88508e-05
7.65489e-05
0.000282947
0.000953279
0.00292969
0.00821555
0.0210173
0.0490148
0.104073
0.200825
0.351331
0.555591
0.791593
1.01301
1.16275
1.20162
1.13652
1.02422
0.939329
0.925241
0.967745
1.01581
1.03019
1.01291
0.992658
0.989233
0.997883
1.00403
1.00264
0.999207
0.998642
0.999958
1.00052
1.00011
0.999825
0.999945
1.00006
1.00002
0.999982
0.999995
1.00001
1
0.999998
1
1
1
1
0.999999
0.999996
0.999981
0.999923
0.999717
0.999047
0.99707
0.991784
0.978983
0.950985
0.895927
