0.852763
0.730642
0.553258
0.330376
0.0958735
-0.0968452
-0.196048
-0.182067
-0.0862692
0.0216527
0.0765649
0.0605813
0.00891625
-0.0272155
-0.0255097
-0.00315354
0.0111572
0.00795098
-0.00127123
-0.00427924
-0.0011758
0.0014336
0.000935268
-0.000333572
-0.000437517
4.923e-05
0.000165666
-1.86931e-06
-5.62546e-05
-3.55504e-07
1.77729e-05
-8.42086e-07
-5.15453e-06
8.547e-07
1.28246e-06
-4.58039e-07
-2.29972e-07
1.69312e-07
2.23358e-08
3.65913e-08
4.46071e-07
2.20864e-06
1.01217e-05
4.23172e-05
0.000161161
0.000560121
0.00177822
0.00515894
0.0136769
0.0331166
0.0731614
0.147237
0.269358
0.446742
0.669624
0.904127
1.09685
1.19605
1.18207
1.08627
0.978347
0.923435
0.939419
0.991084
1.02722
1.02551
1.00315
0.988843
0.992049
1.00127
1.00428
1.00118
0.998566
0.999065
1.00033
1.00044
0.999951
0.999834
1
1.00006
1
0.999982
1
1.00001
0.999999
0.999999
1
1
1
1
0.999998
0.99999
0.999958
0.999839
0.99944
0.998222
0.994841
0.986323
0.966883
0.926839
