0.894055
0.797708
0.648858
0.447504
0.214577
-0.00570876
-0.158136
-0.203205
-0.144395
-0.0338237
0.0557351
0.0774351
0.039209
-0.0110913
-0.0310923
-0.0169129
0.0050075
0.0117437
0.00409187
-0.00355201
-0.00349145
0.000190654
0.0015729
0.000397161
-0.000531157
-0.00026798
0.000153737
0.000117395
-4.32057e-05
-4.20906e-05
1.34301e-05
1.30584e-05
-4.78613e-06
-3.44012e-06
1.76626e-06
6.83242e-07
-5.90076e-07
-5.1732e-08
1.64107e-07
9.30958e-09
1.91928e-07
1.15822e-06
5.39634e-06
2.31841e-05
9.09079e-05
0.000325626
0.00106678
0.00319825
0.00877578
0.0220316
0.0505633
0.105945
0.202292
0.351142
0.552496
0.785423
1.00571
1.15814
1.20321
1.1444
1.03382
0.944265
0.922565
0.960791
1.01109
1.03109
1.01691
0.994992
0.988256
0.995908
1.00355
1.00349
0.999809
0.998427
0.999603
1.00053
1.00027
0.999846
0.999883
1.00004
1.00004
0.999987
0.999987
1
1
0.999998
0.999999
1
1
1
0.999999
0.999995
0.999977
0.999909
0.999674
0.998933
0.996802
0.991224
0.977968
0.949437
