0.925102
0.851002
0.729846
0.554744
0.334987
0.102854
-0.0904047
-0.19409
-0.186785
-0.0955798
0.0135823
0.0750674
0.0658128
0.0155681
-0.0248792
-0.0282751
-0.00692034
0.0102736
0.00971629
0.000268939
-0.00448479
-0.00210309
0.00116926
0.00130478
-9.79255e-05
-0.000548505
-7.69392e-05
0.000192823
5.26268e-05
-6.28626e-05
-2.1131e-05
2.02308e-05
6.32021e-06
-6.51194e-06
-1.31948e-06
2.01093e-06
7.03704e-08
-5.47362e-07
9.65005e-08
1.33038e-07
5.84419e-08
5.77115e-07
2.8683e-06
1.25965e-05
5.0804e-05
0.000187393
0.000632899
0.00195873
0.00555626
0.0144439
0.034388
0.0748981
0.148998
0.270154
0.445256
0.665013
0.897146
1.0904
1.19409
1.18679
1.09558
0.986418
0.924933
0.934187
0.984432
1.02488
1.02828
1.00692
0.989726
0.990284
0.999731
1.00448
1.0021
0.998831
0.998695
1.0001
1.00055
1.00008
0.999807
0.999947
1.00006
1.00002
0.99998
0.999994
1.00001
1
0.999998
1
1
1
0.999999
0.999997
0.999987
0.999949
0.999813
0.999367
0.998041
0.994444
0.985556
0.965612
