0.947928
0.892251
0.796306
0.649038
0.450448
0.220468
0.00136521
-0.153444
-0.204312
-0.15167
-0.0432433
0.0502845
0.0792826
0.0458142
-0.00588022
-0.0312086
-0.0206916
0.00219675
0.0122139
0.00610387
-0.00269463
-0.00418587
-0.000578247
0.00162912
0.000795706
-0.000442231
-0.00042799
8.31675e-05
0.00017397
-8.20631e-06
-6.16494e-05
-4.03883e-07
2.01845e-05
-2.3066e-07
-6.16878e-06
5.78483e-07
1.69952e-06
-4.03849e-07
-3.8313e-07
1.90685e-07
1.09631e-07
2.4362e-07
1.50114e-06
6.80278e-06
2.81403e-05
0.000106801
0.000371531
0.00118577
0.00347353
0.00933881
0.0230339
0.0520723
0.107749
0.203694
0.350962
0.549552
0.779532
0.998635
1.15344
1.20431
1.15167
1.04324
0.949716
0.920717
0.954186
1.00588
1.03121
1.02069
0.997803
0.987786
0.993896
1.00269
1.00419
1.00058
0.998371
0.999204
1.00044
1.00043
0.999917
0.999826
1.00001
1.00006
1
0.99998
1
1.00001
0.999999
0.999998
1
1
1
0.999998
0.999993
0.999972
0.999893
0.999628
0.998814
0.996526
0.990661
0.976966
