0.964365
0.923419
0.849312
0.729087
0.556158
0.339381
0.109557
-0.0840761
-0.191871
-0.190929
-0.10443
0.00538294
0.0728497
0.0703567
0.0222453
-0.0218402
-0.0304307
-0.0107938
0.00881421
0.0111748
0.00204068
-0.00435365
-0.00301941
0.00070047
0.00159251
0.000227302
-0.000591633
-0.000234526
0.000181113
0.000117004
-5.10195e-05
-4.53627e-05
1.49725e-05
1.51024e-05
-5.00935e-06
-4.38082e-06
1.84228e-06
1.05089e-06
-6.59e-07
-1.6536e-07
2.32017e-07
1.49745e-07
7.3194e-07
3.64645e-06
1.54671e-05
6.03052e-05
0.000215907
0.000709963
0.00214546
0.00595898
0.0152076
0.0356352
0.076581
0.150688
0.270913
0.443842
0.660619
0.890443
1.08408
1.19187
1.19093
1.10443
0.994617
0.92715
0.929643
0.977755
1.02184
1.03043
1.01079
0.991186
0.988825
0.997959
1.00435
1.00302
0.9993
0.998407
0.999773
1.00059
1.00023
0.999819
0.999883
1.00005
1.00005
0.999985
0.999985
1.00001
1
0.999998
0.999999
1
1
0.999999
0.999996
0.999985
0.99994
0.999784
0.99929
0.997855
0.994041
0.984792
