0.975976
0.946457
0.89051
0.794964
0.649211
0.453251
0.2261
0.00821642
-0.148703
-0.204992
-0.158374
-0.0524376
0.0444096
0.0803482
0.0520033
-0.000300702
-0.0305723
-0.0241407
-0.000986203
0.0121504
0.00804455
-0.00149896
-0.00465261
-0.00145768
0.00149997
0.00119206
-0.00025045
-0.000560085
-3.40231e-05
0.000209027
4.59816e-05
-6.99012e-05
-2.20299e-05
2.25631e-05
7.57672e-06
-7.28762e-06
-1.96859e-06
2.3234e-06
3.10754e-07
-6.87621e-07
4.53615e-08
2.50837e-07
3.57784e-07
1.89765e-06
8.4435e-06
3.37589e-05
0.000124261
0.000420628
0.00131003
0.00375497
0.00990391
0.024024
0.0535433
0.10949
0.205036
0.350789
0.546749
0.7739
0.991784
1.1487
1.20499
1.15837
1.05244
0.95559
0.919652
0.947997
1.0003
1.03057
1.02414
1.00099
0.98785
0.991955
1.0015
1.00465
1.00146
0.9985
0.998808
1.00025
1.00056
1.00003
0.999791
0.999954
1.00007
1.00002
0.999977
0.999992
1.00001
1
0.999998
1
1
1
0.999998
0.999992
0.999966
0.999876
0.999579
0.99869
0.996245
0.990096
