0.984032
0.963141
0.921787
0.847687
0.728363
0.557507
0.343574
0.116
-0.0778639
-0.189426
-0.194547
-0.112821
-0.00287779
0.0699925
0.0742112
0.0288462
-0.0181906
-0.0319444
-0.0146538
0.00683435
0.0122528
0.0039525
-0.00387451
-0.00384871
5.08069e-05
0.00175421
0.000612633
-0.000546877
-0.000401516
0.000122878
0.000178266
-1.78551e-05
-6.64348e-05
6.76343e-07
2.25173e-05
1.29296e-07
-7.15103e-06
3.05781e-07
2.10515e-06
-3.15217e-07
-5.37549e-07
2.14038e-07
3.16627e-07
9.48604e-07
4.54483e-06
1.8755e-05
7.08615e-05
0.000246711
0.000791201
0.00233806
0.00636644
0.0159676
0.0368588
0.078213
0.152313
0.271637
0.442493
0.656426
0.884
1.07786
1.18943
1.19455
1.11282
1.00288
0.930008
0.925789
0.971154
1.01819
1.03194
1.01465
0.993166
0.987747
0.996047
1.00387
1.00385
0.999949
0.998246
0.999387
1.00055
1.0004
0.999877
0.999822
1.00002
1.00007
0.999999
0.999977
1
1.00001
1
0.999998
1
1
0.999999
0.999995
0.999981
0.999929
0.999753
0.999209
0.997662
0.993634
