0.98953
0.974998
0.945022
0.88883
0.793678
0.649377
0.455925
0.231492
0.0148542
-0.143933
-0.205292
-0.164539
-0.0613766
0.0381914
0.0806833
0.0577266
0.00553678
-0.0292278
-0.0271797
-0.00443444
0.0115523
0.0098175
-2.01657e-05
-0.00484321
-0.00238317
0.00117702
0.00153905
3.51195e-05
-0.000637306
-0.000186698
0.000209198
0.000111644
-6.05877e-05
-4.73406e-05
1.72556e-05
1.68519e-05
-5.39933e-06
-5.26477e-06
1.91265e-06
1.42244e-06
-7.01138e-07
-2.83496e-07
3.46457e-07
5.66442e-07
2.37619e-06
1.03232e-05
4.00712e-05
0.000143318
0.000472876
0.00143933
0.00404206
0.0104704
0.0250019
0.054978
0.11117
0.206322
0.350623
0.544075
0.768508
0.985146
1.14393
1.20529
1.16454
1.06138
0.961809
0.919317
0.942273
0.994463
1.02923
1.02718
1.00443
0.988448
0.990183
1.00002
1.00484
1.00238
0.998823
0.998461
0.999965
1.00064
1.00019
0.999791
0.999888
1.00006
1.00005
0.999983
0.999983
1.00001
1.00001
0.999998
0.999999
1
1
0.999997
0.99999
0.99996
0.999857
0.999527
0.998561
0.995958
