0.993222
0.983277
0.961941
0.920203
0.846124
0.727671
0.558794
0.347581
0.122199
-0.0717707
-0.186791
-0.19768
-0.120759
-0.0111432
0.0665719
0.077386
0.0352859
-0.0140237
-0.0328054
-0.0183942
0.00440374
0.0129001
0.00591152
-0.00305852
-0.00452358
-0.000740591
0.00175781
0.00102033
-0.000405031
-0.000552381
1.80891e-05
0.000222103
3.4863e-05
-7.7149e-05
-2.14611e-05
2.51787e-05
8.45725e-06
-8.13028e-06
-2.55642e-06
2.62599e-06
5.6482e-07
-8.09969e-07
4.94161e-09
5.07695e-07
1.27259e-06
5.58253e-06
2.24721e-05
8.25075e-05
0.000279808
0.000876492
0.00253616
0.00677803
0.0167233
0.0380594
0.0797969
0.153876
0.272329
0.441206
0.652419
0.877801
1.07177
1.18679
1.19768
1.12076
1.01114
0.933428
0.922614
0.964714
1.01402
1.03281
1.01839
0.995596
0.9871
0.994088
1.00306
1.00452
1.00074
0.998242
0.99898
1.00041
1.00055
0.999982
0.999778
0.999965
1.00008
1.00002
0.999975
0.999992
1.00001
1
0.999997
0.999999
1
0.999999
0.999994
0.999978
0.999918
0.99972
0.999124
0.997464
