0.995666
0.988962
0.974033
0.943622
0.887206
0.792445
0.649536
0.45848
0.236661
0.0212875
-0.139149
-0.205252
-0.170196
-0.0700383
0.031702
0.0803416
0.0629502
0.0115323
-0.0272305
-0.0297489
-0.00804358
0.0104396
0.0113414
0.00167419
-0.00472917
-0.00328809
0.000669182
0.00179355
0.000393632
-0.000638457
-0.000356873
0.000165903
0.000177389
-3.05464e-05
-7.02676e-05
2.98981e-06
2.47382e-05
1.46742e-07
-8.11352e-06
8.37207e-08
2.50086e-06
-2.08373e-07
-6.76226e-07
2.95338e-07
8.57377e-07
2.98443e-06
1.24548e-05
4.70965e-05
0.000164
0.000528227
0.00157345
0.00433432
0.0110377
0.0259675
0.056378
0.112794
0.207555
0.350464
0.54152
0.763339
0.978712
1.13915
1.20525
1.1702
1.07004
0.968298
0.919658
0.93705
0.988468
1.02723
1.02975
1.00804
0.98956
0.988659
0.998326
1.00473
1.00329
0.999331
0.998206
0.999606
1.00064
1.00036
0.999834
0.999823
1.00003
1.00007
0.999997
0.999975
1
1.00001
1
0.999997
1
1
0.999997
0.999987
0.999953
0.999836
0.999472
0.998427
