0.997261
0.992807
0.982526
0.960762
0.918665
0.844619
0.727009
0.560026
0.351416
0.128169
-0.065798
-0.183992
-0.200368
-0.128255
-0.019366
0.0626593
0.0798998
0.0414946
-0.00943102
-0.0330202
-0.0219242
0.00160078
0.0130882
0.00782893
-0.00193547
-0.00498918
-0.00162398
0.00158548
0.00140913
-0.000168391
-0.000661874
-0.000125634
0.000235557
0.000100849
-7.14338e-05
-4.77612e-05
2.03026e-05
1.82349e-05
-6.02478e-06
-6.07209e-06
2.0148e-06
1.78704e-06
-7.22471e-07
-3.70371e-07
6.27548e-07
1.72528e-06
6.80172e-06
2.66293e-05
9.52655e-05
0.000315198
0.000965716
0.00273943
0.00719321
0.0174743
0.0392376
0.0813352
0.155381
0.272991
0.439974
0.648584
0.871831
1.0658
1.18399
1.20037
1.12825
1.01937
0.937341
0.9201
0.958505
1.00943
1.03302
1.02192
0.998399
0.986912
0.992171
1.00194
1.00499
1.00162
0.998415
0.998591
1.00017
1.00066
1.00013
0.999764
0.999899
1.00007
1.00005
0.99998
0.999982
1.00001
1.00001
0.999998
0.999998
1
0.999999
0.999993
0.999973
0.999905
0.999685
0.999034
