0.998288
0.995369
0.988395
0.973079
0.942255
0.885635
0.791259
0.649689
0.460925
0.241622
0.0275253
-0.134367
-0.204908
-0.175373
-0.0784071
0.0250046
0.0793777
0.0676529
0.0175968
-0.0246427
-0.0318079
-0.0117153
0.00884918
0.0125519
0.00350987
-0.00430117
-0.00410895
2.18821e-07
0.00192053
0.000795514
-0.000550637
-0.00052247
7.68425e-05
0.000230191
1.94046e-05
-8.4092e-05
-1.92782e-05
2.80352e-05
8.87908e-06
-9.07499e-06
-3.04542e-06
2.94025e-06
8.17501e-07
-9.04122e-07
4.78611e-08
1.16394e-06
3.76616e-06
1.48716e-05
5.48463e-05
0.00018632
0.000586634
0.00171217
0.00463131
0.0116053
0.0269207
0.0577446
0.114365
0.208741
0.350311
0.539075
0.758378
0.972475
1.13437
1.20491
1.17537
1.07841
0.974995
0.920622
0.932347
0.982403
1.02464
1.03181
1.01172
0.991151
0.987448
0.99649
1.0043
1.00411
1
0.998079
0.999204
1.00055
1.00052
0.999923
0.99977
0.999981
1.00008
1.00002
0.999972
0.999991
1.00001
1
0.999997
0.999999
1
0.999996
0.999985
0.999945
0.999814
0.999413
