0.998941
0.997052
0.992389
0.98178
0.959606
0.91717
0.843167
0.726373
0.561206
0.35509
0.133923
-0.0599463
-0.181056
-0.20265
-0.135319
-0.0275071
0.0583209
0.0817775
0.0474163
-0.00449999
-0.0326096
-0.0251688
-0.00149206
0.0128083
0.00962397
-0.000549519
-0.00520546
-0.00254398
0.00123398
0.00173869
0.000150081
-0.000708343
-0.000294207
0.000209262
0.000170315
-4.57549e-05
-7.27239e-05
6.56607e-06
2.67658e-05
-2.48215e-07
-9.05816e-06
-4.70952e-08
2.89243e-06
-9.34517e-08
-7.62331e-07
5.85387e-07
2.27928e-06
8.25598e-06
3.12503e-05
0.000109146
0.000352872
0.00105875
0.00294754
0.00761147
0.0182203
0.0403941
0.0828301
0.156833
0.273627
0.438794
0.64491
0.866077
1.05995
1.18106
1.20265
1.13532
1.02751
0.941679
0.918222
0.952584
1.0045
1.03261
1.02517
1.00149
0.987192
0.990376
1.00055
1.00521
1.00254
0.998766
0.998261
0.99985
1.00071
1.00029
0.999791
0.99983
1.00005
1.00007
0.999993
0.999973
1
1.00001
1
0.999997
1
0.999999
0.999992
0.999968
0.999891
0.999647
