0.999352
0.998145
0.995067
0.987827
0.972138
0.940921
0.884114
0.790119
0.649836
0.463267
0.246388
0.033576
-0.129596
-0.204292
-0.1801
-0.086473
0.0181549
0.0778457
0.0718241
0.0236525
-0.0215306
-0.033333
-0.0153599
0.00683015
0.0134017
0.00541088
-0.00356719
-0.0047894
-0.00079456
0.00189549
0.00120605
-0.000370404
-0.000660345
-5.36389e-05
0.00025759
8.442e-05
-8.28769e-05
-4.63613e-05
2.40522e-05
1.91605e-05
-6.9287e-06
-6.78025e-06
2.18161e-06
2.14016e-06
-7.17516e-07
-3.40547e-07
1.38906e-06
4.73228e-06
1.76259e-05
6.33353e-05
0.00021028
0.000648042
0.00185528
0.00493261
0.0121728
0.0278616
0.0590793
0.115886
0.209881
0.350164
0.536733
0.753612
0.966424
1.1296
1.20429
1.1801
1.08647
0.981845
0.922154
0.928176
0.976347
1.02153
1.03333
1.01536
0.99317
0.986598
0.994589
1.00357
1.00479
1.00079
0.998105
0.998794
1.00037
1.00066
1.00005
0.999742
0.999916
1.00008
1.00005
0.999976
0.999981
1.00001
1.00001
0.999998
0.999998
1
0.999996
0.999982
0.999937
0.99979
