0.999607
0.998845
0.99684
0.991968
0.981039
0.958471
0.915716
0.841765
0.725763
0.562337
0.358616
0.139474
-0.0542151
-0.178004
-0.204557
-0.141966
-0.0355342
0.0536174
0.0830489
0.0530071
0.000687386
-0.0316044
-0.0280684
-0.00479203
0.0120682
0.0112266
0.00104525
-0.00514777
-0.00344411
0.000713564
0.00197321
0.000528698
-0.000676188
-0.000469073
0.00013891
0.000231555
3.73868e-08
-9.00957e-05
-1.53917e-05
3.10195e-05
8.76561e-06
-1.01342e-05
-3.401e-06
3.2863e-06
1.06335e-06
-9.33363e-07
3.55177e-07
2.85897e-06
9.9853e-06
3.63787e-05
0.000124153
0.000392809
0.00115548
0.00316019
0.00803235
0.0189611
0.0415293
0.0842839
0.158235
0.274237
0.437663
0.641384
0.860526
1.05422
1.178
1.20456
1.14197
1.03553
0.946383
0.916951
0.946993
0.999313
1.0316
1.02807
1.00479
0.987932
0.988773
0.998955
1.00515
1.00344
0.999286
0.998027
0.999471
1.00068
1.00047
0.999861
0.999768
1
1.00009
1.00002
0.999969
0.999991
1.00001
1
0.999997
0.999998
0.999999
0.99999
0.999963
0.999876
