0.999764
0.999288
0.997997
0.994762
0.98726
0.97121
0.939617
0.88264
0.789021
0.649978
0.465514
0.250973
0.0394477
-0.124847
-0.203435
-0.184405
-0.0942299
0.0112016
0.0757982
0.0754622
0.029632
-0.017962
-0.0343149
-0.0188978
0.00444012
0.0138602
0.00730337
-0.0025498
-0.00528303
-0.00167203
0.00170564
0.00158897
-0.000103698
-0.000749131
-0.00021519
0.00024965
0.000156317
-6.27022e-05
-7.33483e-05
1.13505e-05
2.84757e-05
-1.10355e-06
-9.97171e-06
-5.1613e-08
3.28861e-06
3.67161e-08
-6.9975e-07
1.45517e-06
5.84432e-06
2.07736e-05
7.25933e-05
0.000235871
0.000712392
0.00200258
0.00523784
0.0127397
0.0287903
0.0603833
0.11736
0.210979
0.350022
0.534486
0.749027
0.960552
1.12485
1.20343
1.1844
1.09423
0.988798
0.924202
0.924538
0.970368
1.01796
1.03431
1.0189
0.99556
0.98614
0.992697
1.00255
1.00528
1.00167
0.998294
0.998411
1.0001
1.00075
1.00022
0.99975
0.999844
1.00006
1.00007
0.999989
0.999972
1
1.00001
1
0.999996
0.999999
0.999995
0.999979
0.999927
