0.999859
0.999565
0.998744
0.996623
0.991545
0.980304
0.957356
0.914301
0.840411
0.725177
0.563424
0.362003
0.144833
-0.0486034
-0.174854
-0.206122
-0.14821
-0.0434212
0.0486042
0.0837467
0.0582338
0.00605545
-0.0300436
-0.0305776
-0.00821891
0.0108899
0.0125789
0.00278884
-0.00480641
-0.00427056
4.59737e-05
0.0020841
0.000939637
-0.000557319
-0.000629582
2.58679e-05
0.000272755
6.25178e-05
-9.40719e-05
-4.2917e-05
2.83598e-05
1.95241e-05
-8.12652e-06
-7.3602e-06
2.44098e-06
2.48667e-06
-6.45945e-07
1.62858e-08
3.37046e-06
1.19914e-05
4.20722e-05
0.0001403
0.000434976
0.00125578
0.00337707
0.00845542
0.0196964
0.042644
0.0856987
0.159589
0.274823
0.436576
0.637997
0.855167
1.0486
1.17485
1.20612
1.14821
1.04342
0.951396
0.916253
0.941766
0.993945
1.03004
1.03058
1.00822
0.98911
0.987421
0.997211
1.00481
1.00427
0.999954
0.997916
0.99906
1.00056
1.00063
0.999974
0.999727
0.999937
1.00009
1.00004
0.999972
0.99998
1.00001
1.00001
0.999997
0.999997
0.999998
0.999989
0.999958
