0.999917
0.999737
0.999221
0.997846
0.994453
0.986694
0.970293
0.938342
0.881211
0.787962
0.650116
0.467672
0.255386
0.0451482
-0.120127
-0.202361
-0.188314
-0.101675
0.00418694
0.0732859
0.0785722
0.0354778
-0.014004
-0.0347562
-0.0222598
0.00174171
0.0139118
0.00911873
-0.00128313
-0.00555487
-0.00258488
0.00134984
0.00190969
0.000235221
-0.000771537
-0.000392821
0.000200382
0.000224777
-2.24829e-05
-9.44625e-05
-9.79388e-06
3.3956e-05
8.05069e-06
-1.12955e-05
-3.58896e-06
3.68326e-06
1.31765e-06
-7.89186e-07
1.35688e-06
7.0226e-06
2.43493e-05
8.26676e-05
0.000263082
0.000779611
0.00215386
0.00554662
0.0133056
0.0297069
0.061658
0.118789
0.212038
0.349884
0.532328
0.744614
0.954852
1.12013
1.20236
1.18831
1.10168
0.995813
0.926714
0.921428
0.964522
1.014
1.03476
1.02226
0.998258
0.986088
0.990881
1.00128
1.00555
1.00258
0.99865
0.99809
0.999765
1.00077
1.00039
0.9998
0.999775
1.00002
1.00009
1.00001
0.999966
0.999992
1.00001
1
0.999996
0.999997
0.999995
0.999976
