0.999952
0.999842
0.999521
0.998641
0.996402
0.99112
0.979574
0.956261
0.912924
0.839101
0.724614
0.564468
0.365259
0.150011
-0.0431098
-0.171624
-0.207372
-0.154068
-0.0511472
0.0433318
0.0839056
0.0630726
0.0115353
-0.0279713
-0.0326641
-0.0116972
0.0093057
0.0136357
0.00461889
-0.00418527
-0.00497509
-0.000738111
0.00205162
0.00135175
-0.000351622
-0.000755363
-0.000123031
0.00028368
0.000135104
-8.03828e-05
-7.17092e-05
1.71959e-05
2.97103e-05
-2.44229e-06
-1.08238e-05
1.01436e-07
3.70519e-06
2.31888e-07
-2.47766e-07
3.74979e-06
1.42283e-05
4.83845e-05
0.000157613
0.000479332
0.00135952
0.00359793
0.00888032
0.0204259
0.0437387
0.0870762
0.160899
0.275386
0.435532
0.634741
0.849989
1.04311
1.17162
1.20737
1.15407
1.05115
0.956668
0.916094
0.936927
0.988465
1.02797
1.03266
1.0117
0.990694
0.986364
0.995381
1.00419
1.00498
1.00074
0.997948
0.998648
1.00035
1.00076
1.00012
0.999716
0.999865
1.00008
1.00007
0.999983
0.99997
1
1.00001
1
0.999995
0.999996
0.999987
