0.999973
0.999906
0.999708
0.999151
0.997691
0.994141
0.98613
0.969389
0.937096
0.879823
0.78694
0.650248
0.469747
0.25964
0.050685
-0.115443
-0.201094
-0.191852
-0.10881
-0.00285246
0.0703569
0.081165
0.041142
-0.00972179
-0.0346694
-0.0253881
-0.00120025
0.0135548
0.0107956
0.000190233
-0.00558197
-0.00348495
0.000837661
0.00213788
0.000625499
-0.000715946
-0.000568706
0.000108528
0.000278803
3.57243e-05
-0.000104066
-3.72856e-05
3.30019e-05
1.92174e-05
-9.60443e-06
-7.77453e-06
2.8185e-06
2.85317e-06
-3.82145e-07
1.19136e-06
8.17894e-06
2.83467e-05
9.36146e-05
0.000291911
0.000849618
0.00230895
0.00585862
0.0138702
0.0306114
0.0629043
0.120177
0.21306
0.349752
0.530253
0.74036
0.949315
1.11544
1.20109
1.19185
1.10881
1.00285
0.929643
0.918835
0.958858
1.00972
1.03467
1.02539
1.0012
0.986445
0.989204
0.99981
1.00558
1.00348
0.999162
0.997862
0.999375
1.00072
1.00057
0.999891
0.999721
0.999964
1.0001
1.00004
0.999967
0.999981
1.00001
1.00001
0.999997
0.999995
0.999993
