0.999985
0.999945
0.999823
0.999474
0.998534
0.996178
0.990693
0.97885
0.955186
0.911582
0.837833
0.72407
0.565474
0.368394
0.155019
-0.0377324
-0.168328
-0.208335
-0.159556
-0.0586956
0.0378457
0.0835611
0.0675074
0.0170652
-0.0254351
-0.0343074
-0.0151575
0.00735638
0.0143645
0.00647371
-0.00330002
-0.00551711
-0.00160184
0.00186557
0.00173327
-6.65912e-05
-0.000828412
-0.000296339
0.000257035
0.000208933
-4.70819e-05
-9.64972e-05
-2.58023e-06
3.66187e-05
6.68611e-06
-1.25209e-05
-3.57341e-06
4.15563e-06
1.64426e-06
-1.96495e-07
4.00839e-06
1.66153e-05
5.53432e-05
0.000176134
0.000525838
0.00146658
0.00382249
0.00930668
0.0211496
0.0448139
0.0884182
0.162167
0.27593
0.434526
0.631606
0.844981
1.03773
1.16833
1.20833
1.15956
1.0587
0.962154
0.916439
0.932493
0.982935
1.02544
1.03431
1.01516
0.992644
0.985636
0.993526
1.0033
1.00552
1.0016
0.998134
0.998267
1.00007
1.00083
1.0003
0.999743
0.999791
1.00005
1.0001
1
0.999963
0.999993
1.00001
1
0.999995
0.999994
