0.999991
0.999969
0.999894
0.999677
0.999078
0.997533
0.993826
0.985567
0.968496
0.935876
0.878475
0.785953
0.650376
0.471744
0.263743
0.0560651
-0.1108
-0.199655
-0.195043
-0.115636
-0.00988507
0.0670566
0.0832554
0.0465848
-0.00517768
-0.0340748
-0.0282352
-0.00432105
0.0127987
0.0122815
0.00182222
-0.00535315
-0.00432602
0.000187846
0.00224938
0.00104178
-0.000577256
-0.000724112
-2.23143e-05
0.000308169
0.000106915
-9.76145e-05
-6.74552e-05
2.3859e-05
3.02938e-05
-4.2581e-06
-1.15665e-05
4.43422e-07
4.18e-06
6.40056e-07
1.15024e-06
9.26159e-06
3.27141e-05
0.000105481
0.000322372
0.000922329
0.00246764
0.00617355
0.0144333
0.0315041
0.0641236
0.121525
0.214047
0.349624
0.528256
0.736257
0.943935
1.1108
1.19965
1.19504
1.11564
1.00989
0.932943
0.916745
0.953415
1.00518
1.03407
1.02824
1.00432
0.987201
0.987719
0.998178
1.00535
1.00433
0.999812
0.997751
0.998958
1.00058
1.00072
1.00002
0.999692
0.999893
1.0001
1.00007
0.999976
0.99997
1
1.00001
0.999999
0.999993
