0.999992
0.999982
0.999938
0.999804
0.999425
0.998423
0.99595
0.990266
0.978133
0.95413
0.910274
0.836605
0.723547
0.566442
0.371415
0.159864
-0.032469
-0.164978
-0.209033
-0.164689
-0.0660534
0.0321869
0.0827489
0.0715288
0.0225901
-0.0224844
-0.0354971
-0.0185374
0.0050881
0.0147447
0.0082946
-0.00217595
-0.00586489
-0.00250493
0.00152516
0.00205423
0.000283693
-0.000834707
-0.000479295
0.000189341
0.000274009
5.05946e-06
-0.000111871
-2.94425e-05
3.76863e-05
1.81412e-05
-1.13177e-05
-7.97633e-06
3.34588e-06
3.31959e-06
3.88883e-07
4.25577e-06
1.90702e-05
6.29332e-05
0.000195911
0.000574467
0.00157682
0.00405052
0.0097342
0.0218673
0.0458702
0.0897264
0.163395
0.276453
0.433558
0.628585
0.840136
1.03247
1.16498
1.20903
1.16469
1.06605
0.967813
0.917251
0.928471
0.97741
1.02248
1.0355
1.01854
0.994912
0.985255
0.991705
1.00218
1.00586
1.0025
0.998475
0.997946
0.999716
1.00083
1.00048
0.999811
0.999726
0.999995
1.00011
1.00003
0.999962
0.999982
1.00001
1.00001
0.999995
