0.999992
0.999988
0.999965
0.999882
0.999645
0.999002
0.99737
0.993509
0.985005
0.967615
0.934683
0.877166
0.784999
0.6505
0.473669
0.267705
0.0612952
-0.106202
-0.198062
-0.197911
-0.122158
-0.0168838
0.0634277
0.0848616
0.0517742
-0.000430182
-0.0329985
-0.0307638
-0.00755791
0.0116625
0.013533
0.00356189
-0.00486812
-0.00506603
-0.000573654
0.00222732
0.00145641
-0.000357024
-0.000841227
-0.00018413
0.000304671
0.000183736
-7.24081e-05
-9.55765e-05
6.03436e-06
3.8748e-05
4.65096e-06
-1.37471e-05
-3.31282e-06
4.7513e-06
2.21729e-06
1.47263e-06
1.02945e-05
3.73706e-05
0.000118283
0.000354492
0.000997667
0.00262975
0.00649111
0.0149946
0.0323851
0.0653166
0.122834
0.215001
0.3495
0.526331
0.732295
0.938705
1.1062
1.19806
1.19791
1.12216
1.01688
0.936572
0.915138
0.948226
1.00043
1.033
1.03076
1.00756
0.988337
0.986467
0.996438
1.00487
1.00507
1.00057
0.997773
0.998544
1.00036
1.00084
1.00018
0.999695
0.999816
1.00007
1.0001
0.999994
0.999961
0.999995
1.00001
1
