0.999997
0.999989
0.999978
0.999931
0.999783
0.999374
0.99831
0.995718
0.989837
0.977421
0.953092
0.908998
0.835414
0.723041
0.567376
0.374328
0.164556
-0.0273173
-0.161587
-0.209488
-0.169484
-0.073211
0.0263923
0.0815043
0.0751331
0.0280617
-0.0191688
-0.0362315
-0.0217822
0.00255048
0.0147665
0.0100276
-0.000845753
-0.00599609
-0.00340612
0.00103826
0.00228835
0.000680009
-0.000765279
-0.000655341
8.13079e-05
0.000320421
7.25652e-05
-0.000113114
-6.03685e-05
3.10033e-05
3.00508e-05
-6.51043e-06
-1.2134e-05
1.0155e-06
4.80906e-06
1.62129e-06
4.68777e-06
2.15508e-05
7.10972e-05
0.000216975
0.000625209
0.00169009
0.00428177
0.0101626
0.0225789
0.0469082
0.0910022
0.164586
0.276959
0.432624
0.625672
0.835444
1.02732
1.16159
1.20949
1.16948
1.07321
0.973608
0.918496
0.924867
0.971938
1.01917
1.03623
1.02178
0.99745
0.985234
0.989972
1.00085
1.006
1.00341
0.998962
0.997712
0.99932
1.00077
1.00066
0.999919
0.99968
0.999927
1.00011
1.00006
0.999969
0.99997
1.00001
1.00001
