1.00001
0.999993
0.999984
0.999959
0.999869
0.999611
0.998924
0.997205
0.993189
0.984446
0.966746
0.933515
0.875892
0.784076
0.65062
0.475525
0.271533
0.0663818
-0.101652
-0.196333
-0.200474
-0.128381
-0.0238256
0.0595097
0.0860041
0.0566849
0.0044663
-0.0314711
-0.0329459
-0.0108513
0.0101731
0.0145164
0.00535775
-0.0041363
-0.00566864
-0.00141574
0.00206259
0.00184148
-6.30169e-05
-0.000904713
-0.000365356
0.000263056
0.000257364
-2.80466e-05
-0.000116545
-1.95108e-05
4.20676e-05
1.62213e-05
-1.31894e-05
-7.90587e-06
4.08177e-06
4.08784e-06
2.37275e-06
1.13947e-05
4.22386e-05
0.000131995
0.000388297
0.00107557
0.00279508
0.00681104
0.0155538
0.0332545
0.0664846
0.124108
0.215924
0.34938
0.524475
0.728467
0.933618
1.10165
1.19633
1.20047
1.12838
1.02383
0.94049
0.913996
0.943315
0.995534
1.03147
1.03295
1.01085
0.989827
0.985484
0.994642
1.00414
1.00567
1.00142
0.997937
0.998159
1.00006
1.0009
1.00037
0.999737
0.999743
1.00003
1.00012
1.00002
0.999958
0.999984
1.00001
