1.00001
1
0.999988
0.999974
0.999922
0.999761
0.999321
0.998193
0.995484
0.989408
0.976716
0.952072
0.907753
0.834258
0.722553
0.568278
0.377141
0.169102
-0.0222749
-0.158162
-0.209721
-0.173957
-0.0801613
0.0204946
0.079862
0.0783212
0.033438
-0.0155376
-0.0365163
-0.0248447
-0.000205354
0.0144299
0.0116248
0.000652646
-0.00589769
-0.00426535
0.00042025
0.00241447
0.00109966
-0.000616716
-0.000807666
-6.22813e-05
0.000339473
0.000149623
-9.69096e-05
-9.12192e-05
1.57103e-05
4.00726e-05
1.96147e-06
-1.48844e-05
-2.75006e-06
5.5825e-06
3.44544e-06
5.5416e-06
2.40889e-05
7.97526e-05
0.000239328
0.000678062
0.0018063
0.004516
0.0105916
0.0232844
0.0479284
0.0922472
0.165742
0.277447
0.431722
0.622859
0.830898
1.02227
1.15816
1.20972
1.17396
1.08016
0.979505
0.920138
0.921679
0.966562
1.01554
1.03652
1.02484
1.00021
0.98557
0.988375
0.999347
1.0059
1.00427
0.99958
0.997586
0.9989
1.00062
1.00081
1.00006
0.999661
0.99985
1.0001
1.00009
0.999984
0.99996
0.999998
