1.00001
1.00001
0.999994
0.999981
0.999953
0.999856
0.999576
0.998843
0.997037
0.992867
0.983889
0.965887
0.932372
0.874652
0.783182
0.650737
0.477317
0.275234
0.0713308
-0.0971547
-0.194483
-0.202755
-0.134313
-0.0306909
0.0553394
0.0867051
0.0612974
0.00946177
-0.0295265
-0.0347618
-0.014146
0.00836278
0.0152074
0.00715963
-0.00317525
-0.00610435
-0.00230421
0.00175378
0.00217069
0.000291666
-0.000902869
-0.000552016
0.00018155
0.000318499
3.34423e-05
-0.000125592
-5.04093e-05
3.82123e-05
2.88262e-05
-9.11963e-06
-1.24398e-05
1.89145e-06
5.82267e-06
3.96437e-06
1.27589e-05
4.72812e-05
0.000146551
0.0004238
0.00115599
0.00296347
0.00713306
0.0161108
0.0341125
0.0676284
0.125348
0.216818
0.349263
0.522683
0.724766
0.928669
1.09715
1.19448
1.20275
1.13431
1.03069
0.944661
0.913295
0.938703
0.990538
1.02953
1.03476
1.01415
0.991637
0.984793
0.99284
1.00318
1.0061
1.0023
0.998246
0.997829
0.999708
1.0009
1.00055
0.999818
0.999682
0.999967
1.00013
1.00005
0.999962
0.999971
