0.999986
1.00001
1.00001
0.999987
0.999969
0.999913
0.999739
0.999266
0.998074
0.995247
0.988979
0.976016
0.951069
0.906537
0.833136
0.722081
0.569149
0.379859
0.17351
-0.0173392
-0.154713
-0.209751
-0.178123
-0.0868996
0.0145233
0.0778553
0.081098
0.0386831
-0.0116383
-0.0363633
-0.0276853
-0.00312824
0.0137431
0.0130451
0.00227808
-0.00556552
-0.00504543
-0.000307443
0.00241737
0.00151817
-0.000391162
-0.000920616
-0.000233072
0.000324601
0.000228721
-6.18277e-05
-0.000117278
-7.77832e-06
4.57702e-05
1.34232e-05
-1.51079e-05
-7.48059e-06
5.15706e-06
5.61721e-06
7.03001e-06
2.68041e-05
8.88228e-05
0.000262928
0.000733028
0.00192532
0.004753
0.0110209
0.0239837
0.0489312
0.0934626
0.166864
0.277919
0.430851
0.620141
0.82649
1.01734
1.15471
1.20975
1.17812
1.0869
0.985477
0.922145
0.918902
0.961317
1.01164
1.03636
1.02769
1.00313
0.986257
0.986955
0.997722
1.00557
1.00505
1.00031
0.997583
0.998482
1.00039
1.00092
1.00023
0.999675
0.999771
1.00006
1.00012
1.00001
0.999954
