0.99996
1
1.00001
0.999997
0.999978
0.999945
0.999841
0.99954
0.99876
0.996865
0.992543
0.983335
0.965041
0.931251
0.873445
0.782315
0.65085
0.479048
0.278817
0.0761482
-0.0927107
-0.192524
-0.20477
-0.139961
-0.0374631
0.0509506
0.0869878
0.0655977
0.0145107
-0.0272004
-0.0361997
-0.0173917
0.00626815
0.0155903
0.00892018
-0.00200914
-0.00635094
-0.00320368
0.00130661
0.00242077
0.00068977
-0.000828374
-0.000728969
6.19984e-05
0.000358355
0.00010778
-0.00011894
-8.31469e-05
2.59898e-05
4.03337e-05
-1.31932e-06
-1.58141e-05
-1.78806e-06
6.90932e-06
6.20453e-06
1.46219e-05
5.25328e-05
0.000161865
0.000460979
0.0012389
0.00313473
0.00745693
0.0166654
0.0349593
0.0687489
0.126555
0.217685
0.34915
0.520952
0.721183
0.923852
1.09271
1.19252
1.20477
1.13996
1.03746
0.949049
0.913012
0.934402
0.985489
1.0272
1.0362
1.01739
0.993732
0.98441
0.99108
1.00201
1.00635
1.0032
0.998693
0.997579
0.99931
1.00083
1.00073
0.999938
0.999642
0.999892
1.00012
1.00008
0.999974
