0.999955
0.999973
1.00001
1.00001
0.999988
0.999963
0.999902
0.999715
0.99921
0.997952
0.995007
0.98855
0.975323
0.950083
0.90535
0.832046
0.721624
0.569991
0.382486
0.177787
-0.0125075
-0.151248
-0.209593
-0.181997
-0.0934231
0.00850426
0.0755163
0.0834712
0.0437663
-0.00751683
-0.035789
-0.0302716
-0.00616823
0.0127214
0.0142542
0.00398793
-0.00500348
-0.00571344
-0.00111891
0.00228821
0.00191092
-9.5909e-05
-0.000980865
-0.00041993
0.000272003
0.000301434
-8.56171e-06
-0.000133858
-3.77465e-05
4.50109e-05
2.65068e-05
-1.19615e-05
-1.23661e-05
3.22671e-06
7.7322e-06
9.27294e-06
2.98907e-05
9.82711e-05
0.000287699
0.000790089
0.00204708
0.00499254
0.0114504
0.0246767
0.0499171
0.0946497
0.167954
0.278376
0.430009
0.617514
0.822213
1.01251
1.15125
1.20959
1.182
1.09342
0.991496
0.924484
0.916529
0.956234
1.00752
1.03579
1.03027
1.00617
0.987279
0.985746
0.996012
1.005
1.00571
1.00112
0.997712
0.998089
1.0001
1.00098
1.00042
0.999728
0.999699
1.00001
1.00013
1.00004
