0.999995
0.999951
0.99999
1.00002
1
0.999976
0.999937
0.999824
0.999502
0.998675
0.996691
0.992218
0.982783
0.964205
0.930153
0.87227
0.781475
0.650959
0.480722
0.282286
0.0808392
-0.088322
-0.19047
-0.206538
-0.145332
-0.0441285
0.0463747
0.0868759
0.0695762
0.019572
-0.0245293
-0.037254
-0.0205432
0.00392831
0.0156574
0.010596
-0.000667142
-0.00639364
-0.00407924
0.000733075
0.00257261
0.00111119
-0.00067862
-0.000881134
-9.03385e-05
0.000369532
0.000188865
-9.42973e-05
-0.000113478
5.30145e-06
4.84165e-05
9.76817e-06
-1.69218e-05
-6.56941e-06
6.86538e-06
8.87316e-06
1.71972e-05
5.81105e-05
0.000177854
0.000499774
0.00132426
0.00330875
0.00778242
0.0172175
0.0357952
0.0698469
0.12773
0.218525
0.349041
0.519278
0.717714
0.919161
1.08832
1.19047
1.20654
1.14533
1.04413
0.953625
0.913124
0.930424
0.980428
1.02453
1.03725
1.02054
0.996072
0.984343
0.989404
1.00067
1.00639
1.00408
0.999267
0.997427
0.998889
1.00068
1.00088
1.00009
0.99963
0.999811
1.00009
1.00011
