1.00007
0.999964
0.99996
1
1.00001
0.99999
0.999958
0.99989
0.999689
0.999152
0.997828
0.994765
0.988121
0.974637
0.949113
0.90419
0.830986
0.721182
0.570806
0.385029
0.181939
-0.00777712
-0.147773
-0.209264
-0.185594
-0.0997303
0.00246066
0.0728755
0.0854512
0.0486622
-0.00321649
-0.0348137
-0.032578
-0.00927751
0.0113857
0.0152255
0.00573963
-0.00422247
-0.00624155
-0.00198532
0.00202444
0.00225452
0.000257337
-0.00097829
-0.0006099
0.000180962
0.000359265
6.00957e-05
-0.000136885
-7.13333e-05
3.6317e-05
3.93128e-05
-5.07159e-06
-1.63759e-05
-2.37323e-07
9.29765e-06
1.22456e-05
3.35802e-05
0.000108129
0.000313542
0.000849195
0.0021715
0.00523444
0.0118798
0.0253635
0.0508868
0.0958097
0.169014
0.278818
0.429194
0.614971
0.818061
1.00778
1.14777
1.20926
1.18559
1.09973
0.997539
0.927124
0.914549
0.951338
1.00322
1.03481
1.03258
1.00928
0.988614
0.984774
0.99426
1.00422
1.00624
1.00199
0.997976
0.997745
0.999743
1.00098
1.00061
0.999819
0.999641
0.99994
1.00014
