1.00014
1.00002
0.999949
0.999976
1.00001
1.00001
0.999975
0.999929
0.999806
0.999463
0.998588
0.996514
0.991891
0.982233
0.96338
0.929077
0.871123
0.780659
0.651065
0.482343
0.285648
0.0854091
-0.0839899
-0.188331
-0.208074
-0.150437
-0.0506757
0.0416401
0.0863933
0.0732272
0.0246091
-0.0215503
-0.037925
-0.0235609
0.00138374
0.0154085
0.0121483
0.000818102
-0.00622489
-0.00489785
5.037e-05
0.00261194
0.00153434
-0.000455671
-0.000994597
-0.000267278
0.000346684
0.000269365
-5.11684e-05
-0.000136926
-2.27705e-05
5.08967e-05
2.30431e-05
-1.48587e-05
-1.17369e-05
5.35561e-06
1.1595e-05
2.06146e-05
6.42027e-05
0.000194477
0.000540089
0.00141202
0.00348539
0.00810931
0.0177668
0.0366202
0.0709233
0.128877
0.219341
0.348935
0.517657
0.714352
0.914591
1.08399
1.18833
1.20807
1.15044
1.05068
0.95836
0.913607
0.926773
0.975391
1.02155
1.03792
1.02356
0.998616
0.984591
0.987852
0.999182
1.00622
1.0049
0.99995
0.997388
0.998466
1.00046
1.00099
1.00027
0.999653
0.999731
1.00005
