1.00012
1.0001
0.999981
0.99995
0.999994
1.00001
0.999993
0.999954
0.999877
0.999662
0.999092
0.997701
0.994521
0.987691
0.973956
0.948159
0.903056
0.829955
0.720753
0.571595
0.387492
0.185972
-0.00314544
-0.144293
-0.208778
-0.188928
-0.105822
-0.00358719
0.069962
0.0870501
0.0533497
0.00122204
-0.0334607
-0.0345853
-0.0124111
0.00976111
0.015939
0.00749195
-0.00323929
-0.00660762
-0.00287639
0.00162949
0.00252804
0.000653384
-0.00090652
-0.000789218
5.38727e-05
0.000394434
0.0001395
-0.000123394
-0.000104837
1.91242e-05
4.966e-05
5.3482e-06
-1.84258e-05
-4.93701e-06
9.83195e-06
1.57573e-05
3.80876e-05
0.000118504
0.000340366
0.000910263
0.00229852
0.00547853
0.0123089
0.026044
0.0518405
0.0969437
0.170045
0.279247
0.428405
0.612508
0.814028
1.00315
1.14429
1.20878
1.18893
1.10582
1.00359
0.930038
0.91295
0.94665
0.998778
1.03346
1.03459
1.01241
0.990239
0.984061
0.992508
1.00324
1.00661
1.00288
0.998371
0.997472
0.999347
1.00091
1.00079
0.999946
0.999606
0.99986
