0.999991
1.00015
1.00006
0.999954
0.999963
1.00001
1.00001
0.999976
0.99992
0.999787
0.999421
0.998499
0.996334
0.991562
0.981687
0.962565
0.928021
0.870005
0.779867
0.651169
0.483912
0.288909
0.0898628
-0.0797154
-0.186118
-0.209395
-0.155282
-0.0570954
0.0367731
0.0855637
0.0765485
0.0295893
-0.0182999
-0.0382178
-0.0264105
-0.00132477
0.0148494
0.0135436
0.00241185
-0.00584382
-0.00562945
-0.000720281
0.00252968
0.00193736
-0.000165911
-0.00105752
-0.000458396
0.00028697
0.000341404
9.04782e-06
-0.000149297
-5.60322e-05
4.60703e-05
3.68601e-05
-9.10602e-06
-1.63393e-05
2.28745e-06
1.39001e-05
2.48718e-05
7.1035e-05
0.000211754
0.00058181
0.0015021
0.00366456
0.00843741
0.0183134
0.0374346
0.0719788
0.129995
0.220133
0.348831
0.516088
0.711091
0.910137
1.07972
1.18612
1.20939
1.15528
1.0571
0.963227
0.914436
0.923452
0.970411
1.0183
1.03822
1.02641
1.00132
0.985151
0.986456
0.997588
1.00584
1.00563
1.00072
0.99747
0.998063
1.00017
1.00106
1.00046
0.999713
0.999659
