0.999776
1.00009
1.00013
1.00001
0.999944
0.99998
1.00001
0.999997
0.999951
0.999863
0.999633
0.99903
0.997572
0.994274
0.987263
0.973282
0.947221
0.901947
0.828952
0.720338
0.57236
0.389878
0.189891
0.00139023
-0.140814
-0.208147
-0.192012
-0.111698
-0.0096214
0.0668031
0.0882818
0.0578119
0.0057609
-0.0317553
-0.0362798
-0.0155275
0.00787625
0.0163815
0.00920598
-0.0020755
-0.00679539
-0.00376172
0.0011121
0.0027138
0.00107459
-0.000763173
-0.000944299
-0.000103994
0.000400553
0.000223575
-9.1876e-05
-0.000134116
-6.08563e-06
5.53793e-05
1.84715e-05
-1.75642e-05
-1.02584e-05
8.97052e-06
1.94661e-05
4.35545e-05
0.000129575
0.000368115
0.000973175
0.00242806
0.00572469
0.0127375
0.0267183
0.0527788
0.0980527
0.171049
0.279662
0.42764
0.610122
0.810109
0.99861
1.14081
1.20815
1.19201
1.1117
1.00962
0.933197
0.911718
0.942188
0.994239
1.03176
1.03628
1.01553
0.992124
0.983619
0.990794
1.00208
1.0068
1.00376
0.998888
0.997286
0.998925
1.00076
1.00094
1.0001
0.999599
