0.999603
0.999917
1.00015
1.00009
0.999967
0.99995
0.999997
1.00001
0.999978
0.999912
0.999766
0.999378
0.998408
0.996153
0.991233
0.981143
0.961762
0.926986
0.868915
0.779097
0.651269
0.485432
0.292073
0.094205
-0.0754988
-0.183839
-0.210513
-0.159877
-0.0633799
0.0317973
0.0844107
0.0795404
0.034484
-0.014814
-0.0381415
-0.0290632
-0.00415704
0.0139912
0.0147538
0.00407849
-0.00525564
-0.00624775
-0.00155483
0.00232197
0.00229931
0.00018053
-0.00106082
-0.000651825
0.00019025
0.000397255
8.31584e-05
-0.000147147
-9.13845e-05
3.29675e-05
4.9222e-05
3.44626e-07
-1.9329e-05
-2.13432e-06
1.531e-05
2.98112e-05
7.88233e-05
0.00022978
0.00062483
0.00159439
0.00384615
0.00876657
0.0188569
0.0382386
0.0730141
0.131085
0.220903
0.348731
0.514568
0.707927
0.905795
1.0755
1.18384
1.21051
1.15988
1.06338
0.968203
0.915589
0.92046
0.965516
1.01481
1.03814
1.02906
1.00416
0.986009
0.985246
0.995922
1.00526
1.00625
1.00155
0.997678
0.997701
0.999819
1.00106
1.00065
0.99981
