0.999627
0.999695
1.00004
1.00016
1.00004
0.999945
0.999966
1.00001
1
0.999949
0.999849
0.999602
0.998966
0.997441
0.994026
0.986834
0.972614
0.946298
0.900862
0.827974
0.719934
0.573102
0.392193
0.193703
0.00583254
-0.137339
-0.207384
-0.194859
-0.117361
-0.0156263
0.0634245
0.089161
0.0620355
0.0103652
-0.0297241
-0.0376531
-0.0185886
0.00576181
0.0165457
0.0108459
-0.000756225
-0.00679445
-0.00461192
0.000485586
0.00279807
0.00150194
-0.000549822
-0.00106261
-0.000284923
0.000373136
0.000305344
-4.24683e-05
-0.000155024
-3.77821e-05
5.46069e-05
3.29248e-05
-1.31427e-05
-1.53402e-05
6.55662e-06
2.29284e-05
5.00034e-05
0.000141559
0.000396794
0.0010378
0.00255999
0.00597278
0.0131655
0.0273863
0.0537021
0.0991378
0.172026
0.280066
0.426898
0.607807
0.806297
0.994167
1.13734
1.20738
1.19486
1.11736
1.01563
0.936575
0.910839
0.937965
0.989635
1.02972
1.03765
1.01859
0.994238
0.983454
0.989154
1.00076
1.00679
1.00461
0.999514
0.997202
0.998498
1.00055
1.00106
1.00028
