0.999941
0.99957
0.999834
1.00013
1.00013
0.999988
0.999941
0.999984
1.00001
0.99998
0.999905
0.999744
0.999333
0.998314
0.99597
0.990902
0.980603
0.960968
0.92597
0.86785
0.778348
0.651367
0.486907
0.295145
0.0984401
-0.0713407
-0.181503
-0.211443
-0.164231
-0.0695234
0.0267346
0.082957
0.082206
0.0392684
-0.0111271
-0.0377086
-0.031495
-0.00707415
0.0128496
0.0157562
0.00578263
-0.00447082
-0.00673078
-0.00242754
0.00198996
0.00260108
0.000570511
-0.000998589
-0.000835078
5.906e-05
0.000429971
0.000166441
-0.000128153
-0.000125128
1.1519e-05
5.80247e-05
1.29392e-05
-1.97252e-05
-7.40359e-06
1.54332e-05
3.5128e-05
8.7721e-05
0.000248716
0.000669074
0.00168875
0.00403006
0.00909665
0.0193974
0.0390324
0.07403
0.13215
0.221652
0.348633
0.513093
0.704855
0.90156
1.07134
1.1815
1.21144
1.16423
1.06952
0.973265
0.917043
0.917794
0.960732
1.01113
1.03771
1.0315
1.00707
0.98715
0.984244
0.994217
1.00447
1.00673
1.00243
0.99801
0.997399
0.999429
1.001
1.00084
