1.00048
0.99969
0.999622
0.999977
1.00016
1.00007
0.999954
0.999952
1
1
0.999948
0.999835
0.99957
0.998899
0.997308
0.993776
0.986406
0.971952
0.945389
0.8998
0.827022
0.719543
0.573822
0.394439
0.197411
0.0101841
-0.133874
-0.206501
-0.197481
-0.122815
-0.0215881
0.0598503
0.0897032
0.0660105
0.0150029
-0.0273946
-0.0387012
-0.0215605
0.00344985
0.01643
0.0123795
0.00069088
-0.00659999
-0.00539956
-0.000233071
0.00277131
0.00191601
-0.000271723
-0.00113341
-0.000479338
0.000309919
0.000377511
2.30264e-05
-0.000163843
-7.35073e-05
4.60396e-05
4.69309e-05
-4.94561e-06
-1.91876e-05
2.70039e-06
2.56733e-05
5.73122e-05
0.000154668
0.000426475
0.001104
0.0026942
0.0062227
0.0135928
0.0280481
0.0546108
0.1002
0.172978
0.280457
0.426178
0.605561
0.802589
0.989816
1.13387
1.2065
1.19748
1.12281
1.02159
0.94015
0.910297
0.933989
0.984997
1.02739
1.0387
1.02156
0.99655
0.98357
0.987621
0.999309
1.0066
1.0054
1.00023
0.997229
0.998084
1.00027
1.00113
