1.001
1.0001
0.999566
0.999747
1.00009
1.00015
1.00002
0.999938
0.999969
1.00001
0.999983
0.999899
0.999721
0.999285
0.998219
0.995784
0.990571
0.980065
0.960184
0.924973
0.866809
0.77762
0.651463
0.488338
0.29813
0.102572
-0.0672411
-0.179116
-0.212197
-0.168354
-0.0755213
0.0216046
0.0812249
0.0845501
0.0439211
-0.0072721
-0.0369343
-0.0336868
-0.010039
0.0114437
0.0165336
0.00748993
-0.00350427
-0.00706118
-0.00331207
0.00153938
0.00282612
0.000988695
-0.000868322
-0.000995844
-0.000101607
0.000433923
0.000253028
-9.13603e-05
-0.000153326
-1.73852e-05
6.13172e-05
2.75886e-05
-1.67709e-05
-1.27599e-05
1.40512e-05
4.04095e-05
9.77756e-05
0.000268765
0.000714521
0.00178501
0.00421616
0.00942753
0.0199348
0.0398161
0.075027
0.13319
0.22238
0.348537
0.511662
0.701869
0.897428
1.06724
1.17912
1.2122
1.16835
1.07552
0.978395
0.918775
0.91545
0.956079
1.00727
1.03693
1.03369
1.01004
0.988556
0.983466
0.99251
1.0035
1.00706
1.00331
0.998461
0.997174
0.999011
1.00087
