1.00115
1.00068
0.999789
0.999567
0.999899
1.00016
1.00011
0.99997
0.99994
0.999987
1
0.999948
0.999822
0.999536
0.998831
0.997173
0.993525
0.98598
0.971296
0.944495
0.89876
0.826093
0.719162
0.574521
0.39662
0.20102
0.0144474
-0.130421
-0.205506
-0.199891
-0.128061
-0.0274951
0.0561029
0.0899244
0.0697299
0.019645
-0.0247946
-0.0394242
-0.0244129
0.000972968
0.0160378
0.0137785
0.00223665
-0.00621239
-0.00609988
-0.00102414
0.00262834
0.00229793
6.26358e-05
-0.00114827
-0.000676445
0.000210996
0.000433029
0.000101271
-0.000157646
-0.000110094
2.91208e-05
5.85068e-05
6.73771e-06
-2.08117e-05
-2.20433e-06
2.7287e-05
6.52166e-05
0.000169067
0.000457297
0.00117167
0.0028305
0.00647432
0.0140192
0.0287037
0.0555053
0.10124
0.173907
0.280838
0.425479
0.60338
0.79898
0.985553
1.13042
1.20551
1.19989
1.12806
1.0275
0.943897
0.910076
0.93027
0.980355
1.02479
1.03942
1.02441
0.999027
0.983962
0.986222
0.997763
1.00621
1.0061
1.00102
0.997372
0.997702
0.999937
