1.00067
1.00112
1.00028
0.999595
0.999664
1.00004
1.00017
1.00005
0.999941
0.999954
0.999999
0.999984
0.999894
0.999699
0.999235
0.998121
0.995598
0.99024
0.97953
0.95941
0.923994
0.865793
0.77691
0.651555
0.489728
0.301032
0.106605
-0.0631998
-0.176686
-0.212786
-0.172253
-0.0813702
0.016425
0.0792357
0.0865791
0.0484237
-0.00328042
-0.0358356
-0.0356237
-0.0130168
0.00979551
0.0170736
0.00916787
-0.00237447
-0.00722633
-0.00418241
0.000980011
0.002961
0.00141839
-0.000670865
-0.0011227
-0.000284677
0.000405189
0.000336374
-3.72927e-05
-0.000172179
-5.19444e-05
5.75423e-05
4.27666e-05
-1.00645e-05
-1.72776e-05
1.11808e-05
4.5197e-05
0.000108902
0.000290135
0.000761217
0.00188303
0.00440429
0.00975911
0.020469
0.0405898
0.0760059
0.134207
0.22309
0.348445
0.510272
0.698968
0.893395
1.0632
1.17669
1.21279
1.17225
1.08137
0.983575
0.920764
0.913421
0.951576
1.00328
1.03584
1.03562
1.01302
0.990204
0.982926
0.990832
1.00237
1.00723
1.00418
0.99902
0.997039
0.998582
