0.999558
1.0011
1.00086
0.999921
0.999534
0.999812
1.00013
1.00014
0.999995
0.999932
0.999972
0.999999
0.999949
0.99981
0.999501
0.998759
0.997035
0.993273
0.985554
0.970647
0.943614
0.897742
0.825187
0.718792
0.575201
0.398739
0.204535
0.0186251
-0.126983
-0.204409
-0.202098
-0.133105
-0.0333367
0.0522034
0.0898409
0.0731888
0.0242652
-0.0219516
-0.0398256
-0.0271196
-0.00163633
0.0153763
0.0150187
0.00385127
-0.00563671
-0.00669134
-0.00186601
0.00236818
0.00263014
0.000442095
-0.00110146
-0.00086492
7.87755e-05
0.000465616
0.000187647
-0.000134583
-0.000143951
4.14243e-06
6.56873e-05
2.1108e-05
-1.93733e-05
-7.50735e-06
2.74942e-05
7.33383e-05
0.000184827
0.000489445
0.00124078
0.00296873
0.0067275
0.0144447
0.029353
0.056386
0.102258
0.174813
0.281208
0.424799
0.601261
0.795465
0.981375
1.12698
1.20441
1.2021
1.13311
1.03334
0.947797
0.910159
0.926811
0.975735
1.02195
1.03983
1.02712
1.00164
0.984624
0.984981
0.996149
1.00564
1.00669
1.00187
0.997632
0.99737
