0.998158
1.00041
1.00121
1.00048
0.999658
0.99959
0.999968
1.00018
1.00009
0.999953
0.999939
0.999987
0.999983
0.99989
0.999676
0.999184
0.99802
0.995409
0.989908
0.978999
0.958646
0.923033
0.8648
0.776219
0.651646
0.491079
0.303855
0.110543
-0.0592167
-0.174219
-0.213221
-0.175937
-0.0870678
0.0112119
0.07701
0.088301
0.0527609
0.000818466
-0.0344315
-0.0372951
-0.0159751
0.00792883
0.0173688
0.0107862
-0.00110265
-0.00721819
-0.00501367
0.000324976
0.00299569
0.00184237
-0.000410244
-0.0012057
-0.000481466
0.000341803
0.000409733
3.20645e-05
-0.000178375
-8.95873e-05
4.57335e-05
5.66632e-05
3.55108e-07
-1.99837e-05
7.10148e-06
4.9061e-05
0.000120877
0.000312995
0.000809274
0.00198268
0.00459426
0.0100913
0.0209999
0.0413539
0.0769672
0.1352
0.22378
0.348354
0.508921
0.696145
0.889457
1.05922
1.17422
1.21322
1.17594
1.08707
0.988788
0.92299
0.911699
0.947239
0.999182
1.03443
1.0373
1.01598
0.992071
0.982631
0.989214
1.0011
1.00722
1.00501
0.999675
0.997004
