0.997103
0.999147
1.00099
1.00103
1.00008
0.99953
0.999723
1.00009
1.00017
1.00003
0.999931
0.999956
0.999992
0.999948
0.999798
0.999465
0.998686
0.996895
0.99302
0.98513
0.970003
0.942747
0.896744
0.824303
0.718432
0.575862
0.400799
0.20796
0.0227195
-0.123562
-0.20322
-0.204115
-0.13795
-0.0391043
0.0481711
0.0894689
0.0763849
0.02884
-0.0188931
-0.0399116
-0.0296581
-0.00434616
0.0144568
0.0160803
0.00550508
-0.00488209
-0.00715594
-0.00273612
0.00199383
0.00289704
0.000853475
-0.000990118
-0.00103355
-8.2211e-05
0.000470185
0.000276599
-9.40589e-05
-0.000171385
-2.77435e-05
6.67472e-05
3.69138e-05
-1.43105e-05
-1.23691e-05
2.62219e-05
8.1237e-05
0.000201898
0.000523114
0.00131134
0.0031087
0.00698209
0.0148692
0.0299963
0.0572532
0.103256
0.175697
0.281568
0.424139
0.599201
0.79204
0.97728
1.12356
1.20322
1.20411
1.13795
1.0391
0.951829
0.910531
0.923615
0.97116
1.01889
1.03991
1.02966
1.00435
0.985543
0.98392
0.994495
1.00488
1.00716
1.00274
0.998006
