0
0
0
0
0
0
0
0
0
0
0
0
0
1e-13
1e-13
1.18e-11
1.18e-11
6.436e-10
6.436e-10
2.1493e-08
2.1493e-08
4.90604e-07
4.90604e-07
8.09021e-06
8.09021e-06
9.92855e-05
9.92855e-05
0.000920043
0.000920043
0.00646016
0.00646016
0.0341607
0.0341607
0.133883
0.133883
0.378655
0.378655
0.745813
0.745813
1
1
1
1
1
1
1
1
1
1
1
1
1
1
1
1
1
1
1
1
1
1
1
1
1
1
1
1
1
1
1
1
1
0.999992
0.999992
0.999901
0.999901
0.99908
0.99908
0.99354
0.99354
0.965839
0.965839
0.866117
0.866117
0.621345
0.621345
0.254187
0.254187
0
0
0
0
0
0
0
0
0
0
0
0
