0
0
0
0
0
0
0
0
0
0
0
0
1e-14
1e-14
1.27e-12
1.27e-12
7.498e-11
7.498e-11
2.72854e-09
2.72854e-09
6.84041e-08
6.84041e-08
1.25057e-06
1.25057e-06
1.72097e-05
1.72097e-05
0.000181361
0.000181361
0.00147405
0.00147405
0.00923021
0.00923021
0.0441329
0.0441329
0.15836
0.15836
0.415371
0.415371
0.771232
0.771232
1
1
1
1
1
1
1
1
1
1
1
1
1
1
1
1
1
1
1
1
1
1
1
1
1
1
1
1
1
1
1
0.999999
0.999999
0.999983
0.999983
0.999819
0.999819
0.998526
0.998526
0.99077
0.99077
0.955867
0.955867
0.84164
0.84164
0.584629
0.584629
0.228768
0.228768
0
0
0
0
0
0
0
0
0
0
0
