0
0
0
0
0
0
0
0
0
0
0
1e-15
1e-15
1.36e-13
1.36e-13
8.641e-12
8.641e-12
3.40336e-10
3.40336e-10
9.2961e-09
9.2961e-09
1.8662e-07
1.8662e-07
2.84648e-06
2.84648e-06
3.36249e-05
3.36249e-05
0.000310631
0.000310631
0.00224967
0.00224967
0.0127205
0.0127205
0.0555556
0.0555556
0.184061
0.184061
0.450957
0.450957
0.794109
0.794109
1
1
1
1
1
1
1
1
1
1
1
1
1
1
1
1
1
1
1
1
1
1
1
1
1
1
1
1
1
1
1
0.999997
0.999997
0.999966
0.999966
0.999689
0.999689
0.99775
0.99775
0.98728
0.98728
0.944444
0.944444
0.815939
0.815939
0.549043
0.549043
0.205891
0.205891
0
0
0
0
0
0
0
0
0
0
