0
0
0
0
0
0
0
0
0
1e-17
1e-17
1.54e-15
1.54e-15
1.117e-13
1.117e-13
5.0689e-12
5.0689e-12
1.61221e-10
1.61221e-10
3.81517e-09
3.81517e-09
6.95863e-08
6.95863e-08
9.99778e-07
9.99778e-07
1.14644e-05
1.14644e-05
0.000105646
0.000105646
0.000783756
0.000783756
0.00466748
0.00466748
0.0221442
0.0221442
0.0826406
0.0826406
0.238203
0.238203
0.518215
0.518215
0.833228
0.833228
1
1
1
1
1
1
1
1
1
1
1
1
1
1
1
1
1
1
1
1
1
1
1
1
1
1
1
1
1
0.999999
0.999999
0.999989
0.999989
0.999894
0.999894
0.999216
0.999216
0.995333
0.995333
0.977856
0.977856
0.917359
0.917359
0.761797
0.761797
0.481785
0.481785
0.166772
0.166772
0
0
0
0
0
0
0
0
