0
0
0
0
0
0
0
0
1e-18
1e-18
1.63e-16
1.63e-16
1.2556e-14
1.2556e-14
6.0742e-13
6.0742e-13
2.06841e-11
2.06841e-11
5.26616e-10
5.26616e-10
1.03923e-08
1.03923e-08
1.62605e-07
1.62605e-07
2.04624e-06
2.04624e-06
2.08826e-05
2.08826e-05
0.000173457
0.000173457
0.00117213
0.00117213
0.00641515
0.00641515
0.0281939
0.0281939
0.0981968
0.0981968
0.266204
0.266204
0.549716
0.549716
0.849905
0.849905
1
1
1
1
1
1
1
1
1
1
1
1
1
1
1
1
1
1
1
1
1
1
1
1
1
1
1
1
1
0.999998
0.999998
0.999979
0.999979
0.999827
0.999827
0.998828
0.998828
0.993585
0.993585
0.971806
0.971806
0.901803
0.901803
0.733796
0.733796
0.450284
0.450284
0.150095
0.150095
0
0
0
0
0
0
0
