0
0
0
0
0
0
0
1e-19
1e-19
1.72e-17
1.72e-17
1.4023e-15
1.4023e-15
7.20424e-14
7.20424e-14
2.61509e-12
2.61509e-12
7.12773e-11
7.12773e-11
1.51318e-09
1.51318e-09
2.56136e-08
2.56136e-08
3.50969e-07
3.50969e-07
3.92988e-06
3.92988e-06
3.61401e-05
3.61401e-05
0.000273324
0.000273324
0.00169643
0.00169643
0.00859302
0.00859302
0.0351942
0.0351942
0.114998
0.114998
0.294555
0.294555
0.579735
0.579735
0.864915
0.864915
1
1
1
1
1
1
1
1
1
1
1
1
1
1
1
1
1
1
1
1
1
1
1
1
1
1
1
1
1
0.999996
0.999996
0.999964
0.999964
0.999727
0.999727
0.998304
0.998304
0.991407
0.991407
0.964806
0.964806
0.885002
0.885002
0.705445
0.705445
0.420265
0.420265
0.135085
0.135085
0
0
0
0
0
0
