0
0
0
0
0
0
1e-20
1e-20
1.81e-18
1.81e-18
1.5571e-16
1.5571e-16
8.46631e-15
8.46631e-15
3.26347e-13
3.26347e-13
9.4813e-12
9.4813e-12
2.15468e-10
2.15468e-10
3.92323e-09
3.92323e-09
5.81492e-08
5.81492e-08
7.08861e-07
7.08861e-07
7.1509e-06
7.1509e-06
5.98585e-05
5.98585e-05
0.000415635
0.000415635
0.00238609
0.00238609
0.0112531
0.0112531
0.0431745
0.0431745
0.132953
0.132953
0.323073
0.323073
0.608253
0.608253
0.878423
0.878423
1
1
1
1
1
1
1
1
1
1
1
1
1
1
1
1
1
1
1
1
1
1
1
1
1
1
1
0.999999
0.999999
0.999993
0.999993
0.99994
0.99994
0.999584
0.999584
0.997614
0.997614
0.988747
0.988747
0.956826
0.956826
0.867047
0.867047
0.676927
0.676927
0.391747
0.391747
0.121577
0.121577
0
0
0
0
0
