0
0
0
0
1e-22
1e-22
1.99e-20
1.99e-20
1.891e-18
1.891e-18
1.14157e-16
1.14157e-16
4.91353e-15
4.91353e-15
1.60413e-13
1.60413e-13
4.12565e-12
4.12565e-12
8.56963e-11
8.56963e-11
1.4622e-09
1.4622e-09
2.07333e-08
2.07333e-08
2.46205e-07
2.46205e-07
2.45993e-06
2.45993e-06
2.07231e-05
2.07231e-05
0.000147161
0.000147161
0.000878692
0.000878692
0.00439004
0.00439004
0.018216
0.018216
0.0621337
0.0621337
0.171928
0.171928
0.379959
0.379959
0.660801
0.660801
0.901523
0.901523
1
1
1
1
1
1
1
1
1
1
1
1
1
1
1
1
1
1
1
1
1
1
1
1
1
1
1
0.999998
0.999998
0.999979
0.999979
0.999853
0.999853
0.999121
0.999121
0.99561
0.99561
0.981784
0.981784
0.937866
0.937866
0.828072
0.828072
0.620041
0.620041
0.339199
0.339199
0.0984771
0.0984771
0
0
0
