0
0
0
1e-23
1e-23
2.08e-21
2.08e-21
2.0701e-19
2.0701e-19
1.31176e-17
1.31176e-17
5.94094e-16
5.94094e-16
2.04635e-14
2.04635e-14
5.56937e-13
5.56937e-13
1.22827e-11
1.22827e-11
2.23347e-10
2.23347e-10
3.38931e-09
3.38931e-09
4.32804e-08
4.32804e-08
4.67577e-07
4.67577e-07
4.28624e-06
4.28624e-06
3.33669e-05
3.33669e-05
0.000220314
0.000220314
0.00122983
0.00122983
0.00577264
0.00577264
0.0226078
0.0226078
0.0731131
0.0731131
0.192731
0.192731
0.408043
0.408043
0.684873
0.684873
0.911371
0.911371
1
1
1
1
1
1
1
1
1
1
1
1
1
1
1
1
1
1
1
1
1
1
1
1
1
1
1
0.999996
0.999996
0.999967
0.999967
0.99978
0.99978
0.99877
0.99877
0.994227
0.994227
0.977392
0.977392
0.926887
0.926887
0.807269
0.807269
0.591957
0.591957
0.315127
0.315127
0.0886294
0.0886294
0
0
