0
0
1e-24
1e-24
2.17e-22
2.17e-22
2.2573e-20
2.2573e-20
1.49807e-18
1.49807e-18
7.12153e-17
7.12153e-17
2.58103e-15
2.58103e-15
7.41109e-14
7.41109e-14
1.72952e-12
1.72952e-12
3.33891e-11
3.33891e-11
5.39943e-10
5.39943e-10
7.37842e-09
7.37842e-09
8.57101e-08
8.57101e-08
8.49444e-07
8.49444e-07
7.19431e-06
7.19431e-06
5.20616e-05
5.20616e-05
0.000321265
0.000321265
0.00168411
0.00168411
0.00745615
0.00745615
0.0276583
0.0276583
0.0850749
0.0850749
0.214262
0.214262
0.435726
0.435726
0.707523
0.707523
0.920234
0.920234
1
1
1
1
1
1
1
1
1
1
1
1
1
1
1
1
1
1
1
1
1
1
1
1
1
0.999999
0.999999
0.999993
0.999993
0.999948
0.999948
0.999679
0.999679
0.998316
0.998316
0.992544
0.992544
0.972342
0.972342
0.914925
0.914925
0.785738
0.785738
0.564274
0.564274
0.292477
0.292477
0.0797664
0.0797664
0
