0
1e-25
1e-25
2.26e-23
2.26e-23
2.4526e-21
2.4526e-21
1.70123e-19
1.70123e-19
8.46979e-18
8.46979e-18
3.22197e-16
3.22197e-16
9.73402e-15
9.73402e-15
2.39651e-13
2.39651e-13
4.89548e-12
4.89548e-12
8.40445e-11
8.40445e-11
1.22379e-09
1.22379e-09
1.52116e-08
1.52116e-08
1.62083e-07
1.62083e-07
1.48393e-06
1.48393e-06
1.1681e-05
1.1681e-05
7.89819e-05
7.89819e-05
0.000457549
0.000457549
0.00226131
0.00226131
0.00947636
0.00947636
0.0333999
0.0333999
0.0979936
0.0979936
0.236409
0.236409
0.462906
0.462906
0.728794
0.728794
0.92821
0.92821
1
1
1
1
1
1
1
1
1
1
1
1
1
1
1
1
1
1
1
1
1
1
1
1
1
0.999999
0.999999
0.999988
0.999988
0.999921
0.999921
0.999542
0.999542
0.997739
0.997739
0.990524
0.990524
0.9666
0.9666
0.902006
0.902006
0.763591
0.763591
0.537094
0.537094
0.271206
0.271206
0.0717898
0.0717898
