0.0581497
0.0581497
2.44e-25
2.8675e-23
2.8675e-23
2.161e-21
2.161e-21
1.17307e-19
1.17307e-19
4.88433e-18
4.88433e-18
1.62196e-16
1.62196e-16
4.40962e-15
4.40962e-15
9.99766e-14
9.99766e-14
1.91575e-12
1.91575e-12
3.13313e-11
3.13313e-11
4.40474e-10
4.40474e-10
5.35019e-09
5.35019e-09
5.63357e-08
5.63357e-08
5.15205e-07
5.15205e-07
4.09439e-06
4.09439e-06
2.82539e-05
2.82539e-05
0.000168947
0.000168947
0.000872415
0.000872415
0.00387141
0.00387141
0.0146678
0.0146678
0.0470569
0.0470569
0.126557
0.126557
0.282102
0.282102
0.515419
0.515419
0.767401
0.767401
0.94185
0.94185
1
1
1
1
1
1
1
1
1
1
1
1
1
1
1
1
1
1
1
1
1
1
1
0.999999
0.999999
0.999996
0.999996
0.999972
0.999972
0.999831
0.999831
0.999128
0.999128
0.996129
0.996129
0.985332
0.985332
0.952943
0.952943
0.873443
0.873443
0.717898
0.717898
0.484581
0.484581
0.232599
0.232599
