0.215154
0.0523348
0.0523348
3.0871e-24
2.41907e-22
2.41907e-22
1.36756e-20
1.36756e-20
5.94009e-19
5.94009e-19
2.06155e-17
2.06155e-17
5.86938e-16
5.86938e-16
1.39663e-14
1.39663e-14
2.81554e-13
2.81554e-13
4.8573e-12
4.8573e-12
7.22456e-11
7.22456e-11
9.31446e-10
9.31446e-10
1.04487e-08
1.04487e-08
1.02223e-07
1.02223e-07
8.73124e-07
8.73124e-07
6.51034e-06
6.51034e-06
4.23232e-05
4.23232e-05
0.000239294
0.000239294
0.00117231
0.00117231
0.00495104
0.00495104
0.0179067
0.0179067
0.0550069
0.0550069
0.142112
0.142112
0.305434
0.305434
0.540617
0.540617
0.784846
0.784846
0.947665
0.947665
1
1
1
1
1
1
1
1
1
1
1
1
1
1
1
1
1
1
1
1
1
1
1
0.999999
0.999999
0.999993
0.999993
0.999958
0.999958
0.999761
0.999761
0.998828
0.998828
0.995049
0.995049
0.982093
0.982093
0.944993
0.944993
0.857888
0.857888
0.694566
0.694566
0.459383
0.459383
0.215154
