0.198872
0.198872
0.0471013
0.0471013
2.69691e-23
1.58527e-21
1.58527e-21
7.17089e-20
7.17089e-20
2.59616e-18
2.59616e-18
7.72478e-17
7.72478e-17
1.92488e-15
1.92488e-15
4.07251e-14
4.07251e-14
7.39128e-13
7.39128e-13
1.15961e-11
1.15961e-11
1.58166e-10
1.58166e-10
1.88318e-09
1.88318e-09
1.96261e-08
1.96261e-08
1.79313e-07
1.79313e-07
1.43684e-06
1.43684e-06
1.00916e-05
1.00916e-05
6.20203e-05
6.20203e-05
0.000332596
0.000332596
0.00155019
0.00155019
0.00624661
0.00624661
0.0216167
0.0216167
0.0637174
0.0637174
0.158444
0.158444
0.328952
0.328952
0.56504
0.56504
0.801128
0.801128
0.952899
0.952899
1
1
1
1
1
1
1
1
1
1
1
1
1
1
1
1
1
1
1
1
1
1
1
0.999999
0.999999
0.99999
0.99999
0.999938
0.999938
0.999667
0.999667
0.99845
0.99845
0.993753
0.993753
0.978383
0.978383
0.936283
0.936283
0.841556
0.841556
0.671048
0.671048
0.43496
0.43496
