0.411351
0.183695
0.183695
0.0423912
0.0423912
1.82799e-22
8.59764e-21
8.59764e-21
3.24154e-19
3.24154e-19
1.00613e-17
1.00613e-17
2.62011e-16
2.62011e-16
5.80489e-15
5.80489e-15
1.10565e-13
1.10565e-13
1.82483e-12
1.82483e-12
2.62531e-11
2.62531e-11
3.30667e-10
3.30667e-10
3.65747e-09
3.65747e-09
3.55948e-08
3.55948e-08
3.05066e-07
3.05066e-07
2.30232e-06
2.30232e-06
1.52845e-05
1.52845e-05
8.90779e-05
8.90779e-05
0.000454355
0.000454355
0.00201983
0.00201983
0.00778362
0.00778362
0.0258268
0.0258268
0.0731901
0.0731901
0.175495
0.175495
0.352561
0.352561
0.588649
0.588649
0.816305
0.816305
0.957609
0.957609
1
1
1
1
1
1
1
1
1
1
1
1
1
1
1
1
1
1
1
1
1
1
1
0.999998
0.999998
0.999985
0.999985
0.999911
0.999911
0.999546
0.999546
0.99798
0.99798
0.992216
0.992216
0.974173
0.974173
0.92681
0.92681
0.824505
0.824505
0.647439
0.647439
0.411351
