0.600306
0.366684
0.366684
0.156423
0.156423
0.0343368
0.0343368
4.93718e-21
1.65925e-19
1.65925e-19
4.69371e-18
4.69371e-18
1.13361e-16
1.13361e-16
2.36276e-15
2.36276e-15
4.2852e-14
4.2852e-14
6.80558e-13
6.80558e-13
9.51033e-12
9.51033e-12
1.1736e-10
1.1736e-10
1.28213e-09
1.28213e-09
1.24203e-08
1.24203e-08
1.06767e-07
1.06767e-07
8.14366e-07
8.14366e-07
5.50687e-06
5.50687e-06
3.2958e-05
3.2958e-05
0.000174135
0.000174135
0.000809433
0.000809433
0.00329538
0.00329538
0.0116855
0.0116855
0.0358489
0.0358489
0.0943987
0.0943987
0.211498
0.211498
0.399694
0.399694
0.633316
0.633316
0.843577
0.843577
0.965663
0.965663
1
1
1
1
1
1
1
1
1
1
1
1
1
1
1
1
1
1
1
1
1
0.999999
0.999999
0.999994
0.999994
0.999967
0.999967
0.999826
0.999826
0.999191
0.999191
0.996705
0.996705
0.988315
0.988315
0.964151
0.964151
0.905601
0.905601
0.788502
0.788502
0.600306
