0.576944
0.576944
0.345658
0.345658
0.144215
0.144215
0.0309032
0.0309032
2.1036e-20
6.18703e-19
6.18703e-19
1.55604e-17
1.55604e-17
3.38301e-16
3.38301e-16
6.41169e-15
6.41169e-15
1.06623e-13
1.06623e-13
1.56353e-12
1.56353e-12
2.02953e-11
2.02953e-11
2.33837e-10
2.33837e-10
2.39595e-09
2.39595e-09
2.18549e-08
2.18549e-08
1.77527e-07
1.77527e-07
1.28362e-06
1.28362e-06
8.25198e-06
8.25198e-06
4.70757e-05
4.70757e-05
0.000237665
0.000237665
0.00105803
0.00105803
0.00413439
0.00413439
0.0141018
0.0141018
0.0417038
0.0417038
0.106109
0.106109
0.230318
0.230318
0.423056
0.423056
0.654342
0.654342
0.855785
0.855785
0.969097
0.969097
1
1
1
1
1
1
1
1
1
1
1
1
1
1
1
1
1
1
1
1
1
0.999999
0.999999
0.999992
0.999992
0.999953
0.999953
0.999762
0.999762
0.998942
0.998942
0.995866
0.995866
0.985898
0.985898
0.958296
0.958296
0.893891
0.893891
0.769682
0.769682
