0.750408
0.553815
0.553815
0.325513
0.325513
0.132884
0.132884
0.0278128
0.0278128
8.08027e-20
2.11287e-18
2.11287e-18
4.78344e-17
4.78344e-17
9.4564e-16
9.4564e-16
1.64328e-14
1.64328e-14
2.52314e-13
2.52314e-13
3.43671e-12
3.43671e-12
4.16494e-11
4.16494e-11
4.50048e-10
4.50048e-10
4.34185e-09
4.34185e-09
3.74221e-08
3.74221e-08
2.88136e-07
2.88136e-07
1.98045e-06
1.98045e-06
1.21344e-05
1.21344e-05
6.61347e-05
6.61347e-05
0.000319701
0.000319701
0.00136566
0.00136566
0.00513113
0.00513113
0.016862
0.016862
0.0481443
0.0481443
0.11853
0.11853
0.249592
0.249592
0.446185
0.446185
0.674487
0.674487
0.867116
0.867116
0.972187
0.972187
1
1
1
1
1
1
1
1
1
1
1
1
1
1
1
1
1
1
1
1
1
0.999998
0.999998
0.999988
0.999988
0.999934
0.999934
0.99968
0.99968
0.998634
0.998634
0.994869
0.994869
0.983138
0.983138
0.951856
0.951856
0.88147
0.88147
0.750408
