0.730749
0.730749
0.530985
0.530985
0.30625
0.30625
0.122376
0.122376
0.0250316
0.0250316
2.8401e-19
6.68503e-18
6.68503e-18
1.37615e-16
1.37615e-16
2.49435e-15
2.49435e-15
4.00209e-14
4.00209e-14
5.70753e-13
5.70753e-13
7.25798e-12
7.25798e-12
8.24893e-11
8.24893e-11
8.39228e-10
8.39228e-10
7.64987e-09
7.64987e-09
6.24935e-08
6.24935e-08
4.57368e-07
4.57368e-07
2.99584e-06
2.99584e-06
1.75344e-05
1.75344e-05
9.14913e-05
9.14913e-05
0.000424298
0.000424298
0.00174221
0.00174221
0.00630422
0.00630422
0.0199902
0.0199902
0.0551828
0.0551828
0.131636
0.131636
0.269251
0.269251
0.469015
0.469015
0.69375
0.69375
0.877624
0.877624
0.974968
0.974968
1
1
1
1
1
1
1
1
1
1
1
1
1
1
1
1
1
1
1
1
1
0.999997
0.999997
0.999982
0.999982
0.999909
0.999909
0.999576
0.999576
0.998258
0.998258
0.993696
0.993696
0.98001
0.98001
0.944817
0.944817
0.868364
0.868364
