0.854603
0.710773
0.710773
0.508511
0.508511
0.287863
0.287863
0.112642
0.112642
0.0225284
0.0225284
9.24111e-19
1.9778e-17
1.9778e-17
3.73289e-16
3.73289e-16
6.24701e-15
6.24701e-15
9.30941e-14
9.30941e-14
1.23948e-12
1.23948e-12
1.47811e-11
1.47811e-11
1.58163e-10
1.58163e-10
1.52029e-09
1.52029e-09
1.31342e-08
1.31342e-08
1.01981e-07
1.01981e-07
7.11215e-07
7.11215e-07
4.4497e-06
4.4497e-06
2.49301e-05
2.49301e-05
0.000124772
0.000124772
0.000556089
0.000556089
0.00219841
0.00219841
0.00767282
0.00767282
0.0235095
0.0235095
0.0628281
0.0628281
0.145397
0.145397
0.289227
0.289227
0.491489
0.491489
0.712137
0.712137
0.887358
0.887358
0.977472
0.977472
1
1
1
1
1
1
1
1
1
1
1
1
1
1
1
1
1
1
1
0.999999
0.999999
0.999996
0.999996
0.999975
0.999975
0.999875
0.999875
0.999444
0.999444
0.997802
0.997802
0.992327
0.992327
0.976491
0.976491
0.937172
0.937172
0.854603
