0.84022
0.84022
0.690546
0.690546
0.486447
0.486447
0.270341
0.270341
0.103631
0.103631
0.0202756
0.0202756
2.8095e-18
5.51291e-17
5.51291e-17
9.6066e-16
9.6066e-16
1.49317e-14
1.49317e-14
2.07732e-13
2.07732e-13
2.59364e-12
2.59364e-12
2.91193e-11
2.91193e-11
2.94376e-10
2.94376e-10
2.68169e-09
2.68169e-09
2.20189e-08
2.20189e-08
1.62904e-07
1.62904e-07
1.08506e-06
1.08506e-06
6.49774e-06
6.49774e-06
3.49143e-05
3.49143e-05
0.000167904
0.000167904
0.000720321
0.000720321
0.00274585
0.00274585
0.00925649
0.00925649
0.0274414
0.0274414
0.0710851
0.0710851
0.15978
0.15978
0.309454
0.309454
0.513553
0.513553
0.729659
0.729659
0.896369
0.896369
0.979724
0.979724
1
1
1
1
1
1
1
1
1
1
1
1
1
1
1
1
1
1
1
0.999999
0.999999
0.999994
0.999994
0.999965
0.999965
0.999832
0.999832
0.99928
0.99928
0.997254
0.997254
0.990744
0.990744
0.972559
0.972559
0.928915
0.928915
