0.920045
0.825252
0.825252
0.670136
0.670136
0.464836
0.464836
0.25367
0.25367
0.0952951
0.0952951
0.018248
0.018248
8.04146e-18
1.45682e-16
1.45682e-16
2.35777e-15
2.35777e-15
3.42118e-14
3.42118e-14
4.46323e-13
4.46323e-13
5.24621e-12
5.24621e-12
5.5645e-11
5.5645e-11
5.33107e-10
5.33107e-10
4.61541e-09
4.61541e-09
3.61074e-08
3.61074e-08
2.5512e-07
2.5512e-07
1.62633e-06
1.62633e-06
9.33939e-06
9.33939e-06
4.82132e-05
4.82132e-05
0.000223145
0.000223145
0.000922874
0.000922874
0.00339692
0.00339692
0.011075
0.011075
0.0318057
0.0318057
0.0799546
0.0799546
0.174748
0.174748
0.329864
0.329864
0.535164
0.535164
0.74633
0.74633
0.904705
0.904705
0.981752
0.981752
1
1
1
1
1
1
1
1
1
1
1
1
1
1
1
1
1
1
1
0.999998
0.999998
0.999991
0.999991
0.999952
0.999952
0.999777
0.999777
0.999077
0.999077
0.996603
0.996603
0.988925
0.988925
0.968194
0.968194
0.920045
