0.910566
0.910566
0.809741
0.809741
0.649606
0.649606
0.443719
0.443719
0.237832
0.237832
0.0875904
0.0875904
0.0164232
0.0164232
2.18055e-17
3.66891e-16
3.66891e-16
5.54317e-15
5.54317e-15
7.54229e-14
7.54229e-14
9.26311e-13
9.26311e-13
1.02861e-11
1.02861e-11
1.03391e-10
1.03391e-10
9.41337e-10
9.41337e-10
7.76461e-09
7.76461e-09
5.80087e-08
5.80087e-08
3.92241e-07
3.92241e-07
2.39764e-06
2.39764e-06
1.32268e-05
1.32268e-05
6.57064e-05
6.57064e-05
0.000293118
0.000293118
0.00117028
0.00117028
0.00416472
0.00416472
0.013148
0.013148
0.0366206
0.0366206
0.0894339
0.0894339
0.190259
0.190259
0.350394
0.350394
0.556281
0.556281
0.762168
0.762168
0.91241
0.91241
0.983577
0.983577
1
1
1
1
1
1
1
1
1
1
1
1
1
1
1
1
1
1
1
0.999998
0.999998
0.999987
0.999987
0.999934
0.999934
0.999707
0.999707
0.99883
0.99883
0.995835
0.995835
0.986852
0.986852
0.963379
0.963379
