0.958098
0.900484
0.900484
0.793727
0.793727
0.629018
0.629018
0.423131
0.423131
0.222808
0.222808
0.0804737
0.0804737
0.0147809
0.0147809
5.6314e-17
8.84518e-16
8.84518e-16
1.25311e-14
1.25311e-14
1.60512e-13
1.60512e-13
1.86229e-12
1.86229e-12
1.95966e-11
1.95966e-11
1.87186e-10
1.87186e-10
1.62366e-09
1.62366e-09
1.2789e-08
1.2789e-08
9.1432e-08
9.1432e-08
5.92781e-07
5.92781e-07
3.48055e-06
3.48055e-06
1.84747e-05
1.84747e-05
8.84476e-05
8.84476e-05
0.000380834
0.000380834
0.00146972
0.00146972
0.00506305
0.00506305
0.0154953
0.0154953
0.0419019
0.0419019
0.0995164
0.0995164
0.206273
0.206273
0.370982
0.370982
0.576869
0.576869
0.777192
0.777192
0.919526
0.919526
0.985219
0.985219
1
1
1
1
1
1
1
1
1
1
1
1
1
1
1
1
1
0.999999
0.999999
0.999997
0.999997
0.999982
0.999982
0.999912
0.999912
0.999619
0.999619
0.99853
0.99853
0.994937
0.994937
0.984505
0.984505
0.958098
