0.978911
0.946084
0.946084
0.878553
0.878553
0.760374
0.760374
0.587896
0.587896
0.383646
0.383646
0.195108
0.195108
0.0678443
0.0678443
0.0119725
0.0119725
3.30139e-16
4.57718e-15
4.57718e-15
5.76652e-14
5.76652e-14
6.61192e-13
6.61192e-13
6.9077e-12
6.9077e-12
6.58033e-11
6.58033e-11
5.7177e-10
5.7177e-10
4.53151e-09
4.53151e-09
3.27447e-08
3.27447e-08
2.15566e-07
2.15566e-07
1.2914e-06
1.2914e-06
7.02917e-06
7.02917e-06
3.46935e-05
3.46935e-05
0.00015489
0.00015489
0.000623656
0.000623656
0.00225678
0.00225678
0.00730925
0.00730925
0.0210887
0.0210887
0.0539163
0.0539163
0.121447
0.121447
0.239626
0.239626
0.412104
0.412104
0.616354
0.616354
0.804892
0.804892
0.932156
0.932156
0.988027
0.988027
1
1
1
1
1
1
1
1
1
1
1
1
1
1
1
1
1
0.999999
0.999999
0.999993
0.999993
0.999965
0.999965
0.999845
0.999845
0.999376
0.999376
0.997743
0.997743
0.992691
0.992691
0.978911
