0.975629
0.975629
0.939331
0.939331
0.866735
0.866735
0.743126
0.743126
0.567471
0.567471
0.364792
0.364792
0.182381
0.182381
0.0622571
0.0622571
0.0107753
0.0107753
7.54843e-16
9.88599e-15
9.88599e-15
1.18018e-13
1.18018e-13
1.28584e-12
1.28584e-12
1.27973e-11
1.27973e-11
1.164e-10
1.164e-10
9.67745e-10
9.67745e-10
7.35283e-09
7.35283e-09
5.10268e-08
5.10268e-08
3.23149e-07
3.23149e-07
1.86518e-06
1.86518e-06
9.7956e-06
9.7956e-06
4.67131e-05
4.67131e-05
0.000201767
0.000201767
0.000786969
0.000786969
0.00276202
0.00276202
0.00868719
0.00868719
0.0243715
0.0243715
0.0606694
0.0606694
0.133265
0.133265
0.256874
0.256874
0.432529
0.432529
0.635208
0.635208
0.817619
0.817619
0.937743
0.937743
0.989225
0.989225
1
1
1
1
1
1
1
1
1
1
1
1
1
1
1
1
1
0.999998
0.999998
0.99999
0.99999
0.999953
0.999953
0.999798
0.999798
0.999213
0.999213
0.997238
0.997238
0.991313
0.991313
