0.989744
0.971999
0.971999
0.932071
0.932071
0.854374
0.854374
0.72556
0.72556
0.547203
0.547203
0.346551
0.346551
0.170369
0.170369
0.0571089
0.0571089
0.00969774
0.00969774
1.66796e-15
2.06992e-14
2.06992e-14
2.348e-13
2.348e-13
2.43698e-12
2.43698e-12
2.31575e-11
2.31575e-11
2.01534e-10
2.01534e-10
1.60625e-09
1.60625e-09
1.17202e-08
1.17202e-08
7.8239e-08
7.8239e-08
4.77352e-07
4.77352e-07
2.65822e-06
2.65822e-06
1.34874e-05
1.34874e-05
6.22185e-05
6.22185e-05
0.000260287
0.000260287
0.000984474
0.000984474
0.00335454
0.00335454
0.0102556
0.0102556
0.0280013
0.0280013
0.0679289
0.0679289
0.145626
0.145626
0.27444
0.27444
0.452797
0.452797
0.653449
0.653449
0.829631
0.829631
0.942891
0.942891
0.990302
0.990302
1
1
1
1
1
1
1
1
1
1
1
1
1
1
1
1
1
0.999997
0.999997
0.999987
0.999987
0.999938
0.999938
0.99974
0.99974
0.999016
0.999016
0.996645
0.996645
0.989744
