0.98797
0.98797
0.968006
0.968006
0.924301
0.924301
0.841493
0.841493
0.707725
0.707725
0.527138
0.527138
0.328933
0.328933
0.159043
0.159043
0.0523678
0.0523678
0.00872796
0.00872796
3.57108e-15
4.21093e-14
4.21093e-14
4.55019e-13
4.55019e-13
4.50904e-12
4.50904e-12
4.09952e-11
4.09952e-11
3.42006e-10
3.42006e-10
2.61765e-09
2.61765e-09
1.83721e-08
1.83721e-08
1.1815e-07
1.1815e-07
6.95439e-07
6.95439e-07
3.74113e-06
3.74113e-06
1.83605e-05
1.83605e-05
8.20253e-05
8.20253e-05
0.000332706
0.000332706
0.00122148
0.00122148
0.00404465
0.00404465
0.0120302
0.0120302
0.031994
0.031994
0.0756986
0.0756986
0.158507
0.158507
0.292275
0.292275
0.472862
0.472862
0.671067
0.671067
0.840957
0.840957
0.947632
0.947632
0.991272
0.991272
1
1
1
1
1
1
1
1
1
1
1
1
1
1
1
0.999999
0.999999
0.999996
0.999996
0.999982
0.999982
0.999918
0.999918
0.999667
0.999667
0.998779
0.998779
0.995955
0.995955
