0.995157
0.985973
0.985973
0.963636
0.963636
0.91602
0.91602
0.828116
0.828116
0.689666
0.689666
0.507317
0.507317
0.311944
0.311944
0.148375
0.148375
0.0480038
0.0480038
0.00785517
0.00785517
7.4249e-15
8.34003e-14
8.34003e-14
8.60421e-13
8.60421e-13
8.15766e-12
8.15766e-12
7.10963e-11
7.10963e-11
5.69571e-10
5.69571e-10
4.1931e-09
4.1931e-09
2.83499e-08
2.83499e-08
1.75879e-07
1.75879e-07
1.00001e-06
1.00001e-06
5.20307e-06
5.20307e-06
2.47269e-05
2.47269e-05
0.000107093
0.000107093
0.000421583
0.000421583
0.0015038
0.0015038
0.0048432
0.0048432
0.0140266
0.0140266
0.0363645
0.0363645
0.0839795
0.0839795
0.171884
0.171884
0.310334
0.310334
0.492683
0.492683
0.688056
0.688056
0.851625
0.851625
0.951996
0.951996
0.992145
0.992145
1
1
1
1
1
1
1
1
1
1
1
1
1
1
1
0.999999
0.999999
0.999995
0.999995
0.999975
0.999975
0.999893
0.999893
0.999578
0.999578
0.998496
0.998496
0.995157
