0.994238
0.994238
0.98374
0.98374
0.958874
0.958874
0.90723
0.90723
0.814271
0.814271
0.671431
0.671431
0.48778
0.48778
0.295587
0.295587
0.138338
0.138338
0.0439889
0.0439889
0.00706965
0.00706965
1.50224e-14
1.61102e-13
1.61102e-13
1.59014e-12
1.59014e-12
1.44515e-11
1.44515e-11
1.20944e-10
1.20944e-10
9.31923e-10
9.31923e-10
6.60878e-09
6.60878e-09
4.31029e-08
4.31029e-08
2.58292e-07
2.58292e-07
1.42031e-06
1.42031e-06
7.15545e-06
7.15545e-06
3.29636e-05
3.29636e-05
0.000138542
0.000138542
0.000529805
0.000529805
0.00183774
0.00183774
0.00576154
0.00576154
0.0162604
0.0162604
0.041126
0.041126
0.09277
0.09277
0.185729
0.185729
0.328569
0.328569
0.51222
0.51222
0.704413
0.704413
0.861662
0.861662
0.956011
0.956011
0.99293
0.99293
1
1
1
1
1
1
1
1
1
1
1
1
1
1
1
0.999999
0.999999
0.999993
0.999993
0.999967
0.999967
0.999861
0.999861
0.99947
0.99947
0.998162
0.998162
