0.99777
0.993189
0.993189
0.981253
0.981253
0.95371
0.95371
0.897934
0.897934
0.799987
0.799987
0.653066
0.653066
0.468561
0.468561
0.279862
0.279862
0.128903
0.128903
0.040297
0.040297
0.00636269
0.00636269
2.96304e-14
3.04007e-13
3.04007e-13
2.87628e-12
2.87628e-12
2.51008e-11
2.51008e-11
2.02042e-10
2.02042e-10
1.49961e-09
1.49961e-09
1.02582e-08
1.02582e-08
6.46218e-08
6.46218e-08
3.74494e-07
3.74494e-07
1.99383e-06
1.99383e-06
9.73627e-06
9.73627e-06
4.35215e-05
4.35215e-05
0.000177669
0.000177669
0.000660598
0.000660598
0.00223012
0.00223012
0.00681142
0.00681142
0.0187469
0.0187469
0.0462904
0.0462904
0.102066
0.102066
0.200013
0.200013
0.346934
0.346934
0.531439
0.531439
0.720138
0.720138
0.871097
0.871097
0.959703
0.959703
0.993637
0.993637
1
1
1
1
1
1
1
1
1
1
1
1
1
1
1
0.999998
0.999998
0.99999
0.99999
0.999956
0.999956
0.999822
0.999822
0.999339
0.999339
0.99777
