0.997312
0.997312
0.991995
0.991995
0.978499
0.978499
0.948132
0.948132
0.888139
0.888139
0.785295
0.785295
0.634615
0.634615
0.449691
0.449691
0.264766
0.264766
0.120043
0.120043
0.0369036
0.0369036
0.00572642
0.00572642
5.7068e-14
5.61234e-13
5.61234e-13
5.09873e-12
5.09873e-12
4.27949e-11
4.27949e-11
3.31798e-10
3.31798e-10
2.37547e-09
2.37547e-09
1.56945e-08
1.56945e-08
9.5609e-08
9.5609e-08
5.36428e-07
5.36428e-07
2.76807e-06
2.76807e-06
1.31148e-05
1.31148e-05
5.69362e-05
5.69362e-05
0.000225961
0.000225961
0.00081755
0.00081755
0.00268825
0.00268825
0.00800497
0.00800497
0.0215013
0.0215013
0.0518679
0.0518679
0.111861
0.111861
0.214705
0.214705
0.365385
0.365385
0.550309
0.550309
0.735234
0.735234
0.879957
0.879957
0.963096
0.963096
0.994274
0.994274
1
1
1
1
1
1
1
1
1
1
1
1
1
0.999999
0.999999
0.999997
0.999997
0.999987
0.999987
0.999943
0.999943
0.999774
0.999774
0.999182
0.999182
