0.998995
0.99678
0.99678
0.990645
0.990645
0.975462
0.975462
0.942133
0.942133
0.877855
0.877855
0.770227
0.770227
0.616123
0.616123
0.431198
0.431198
0.250294
0.250294
0.111729
0.111729
0.0337859
0.0337859
0.00515378
0.00515378
1.07485e-13
1.01498e-12
1.01498e-12
8.86834e-12
8.86834e-12
7.16952e-11
7.16952e-11
5.36165e-10
5.36165e-10
3.70737e-09
3.70737e-09
2.3686e-08
2.3686e-08
1.39691e-07
1.39691e-07
7.59592e-07
7.59592e-07
3.80274e-06
3.80274e-06
1.74969e-05
1.74969e-05
7.38387e-05
7.38387e-05
0.00028512
0.00028512
0.00100462
0.00100462
0.00321992
0.00321992
0.0093546
0.0093546
0.0245379
0.0245379
0.0578672
0.0578672
0.122145
0.122145
0.229773
0.229773
0.383877
0.383877
0.568802
0.568802
0.749706
0.749706
0.888271
0.888271
0.966214
0.966214
0.994846
0.994846
1
1
1
1
1
1
1
1
1
1
1
1
1
0.999999
0.999999
0.999996
0.999996
0.999983
0.999983
0.999926
0.999926
0.999715
0.999715
0.998995
