0.998774
0.998774
0.996167
0.996167
0.989127
0.989127
0.972129
0.972129
0.935705
0.935705
0.867092
0.867092
0.754816
0.754816
0.597631
0.597631
0.413108
0.413108
0.236437
0.236437
0.103934
0.103934
0.0309227
0.0309227
0.0046384
0.0046384
1.98235e-13
1.80032e-12
1.80032e-12
1.5151e-11
1.5151e-11
1.18142e-10
1.18142e-10
8.53286e-10
8.53286e-10
5.70524e-09
5.70524e-09
3.52865e-08
3.52865e-08
2.01681e-07
2.01681e-07
1.06391e-06
1.06391e-06
5.17216e-06
5.17216e-06
2.31311e-05
2.31311e-05
9.49668e-05
9.49668e-05
0.00035707
0.00035707
0.00122615
0.00122615
0.00383339
0.00383339
0.0108729
0.0108729
0.0278709
0.0278709
0.064295
0.064295
0.132908
0.132908
0.245184
0.245184
0.402369
0.402369
0.586892
0.586892
0.763563
0.763563
0.896066
0.896066
0.969077
0.969077
0.995362
0.995362
1
1
1
1
1
1
1
1
1
1
1
1
1
0.999999
0.999999
0.999995
0.999995
0.999977
0.999977
0.999905
0.999905
0.999643
0.999643
