0.999556
0.998513
0.998513
0.995463
0.995463
0.987427
0.987427
0.968487
0.968487
0.928844
0.928844
0.855865
0.855865
0.739098
0.739098
0.579178
0.579178
0.395441
0.395441
0.223187
0.223187
0.0966333
0.0966333
0.0282942
0.0282942
0.00417456
0.00417456
3.58443e-13
3.13539e-12
3.13539e-12
2.54501e-11
2.54501e-11
1.91657e-10
1.91657e-10
1.33848e-09
1.33848e-09
8.66336e-09
8.66336e-09
5.19259e-08
5.19259e-08
2.87904e-07
2.87904e-07
1.47473e-06
1.47473e-06
6.96805e-06
6.96805e-06
3.03147e-05
3.03147e-05
0.000121177
0.000121177
0.000443978
0.000443978
0.00148687
0.00148687
0.00453734
0.00453734
0.0125727
0.0125727
0.0315133
0.0315133
0.0711563
0.0711563
0.144135
0.144135
0.260902
0.260902
0.420822
0.420822
0.604559
0.604559
0.776813
0.776813
0.903367
0.903367
0.971706
0.971706
0.995825
0.995825
1
1
1
1
1
1
1
1
1
1
1
1
1
0.999999
0.999999
0.999993
0.999993
0.99997
0.99997
0.999879
0.999879
0.999556
