0.999452
0.999452
0.998208
0.998208
0.994659
0.994659
0.985533
0.985533
0.964522
0.964522
0.921546
0.921546
0.844188
0.844188
0.723106
0.723106
0.560805
0.560805
0.378216
0.378216
0.210532
0.210532
0.0897994
0.0897994
0.0258823
0.0258823
0.0037571
0.0037571
6.36138e-13
5.36687e-12
5.36687e-12
4.20708e-11
4.20708e-11
3.06339e-10
3.06339e-10
2.07097e-09
2.07097e-09
1.29896e-08
1.29896e-08
7.55237e-08
7.55237e-08
4.06586e-07
4.06586e-07
2.02406e-06
2.02406e-06
9.30272e-06
9.30272e-06
3.94009e-05
3.94009e-05
0.000153457
0.000153457
0.000548268
0.000548268
0.00179192
0.00179192
0.00534088
0.00534088
0.0144668
0.0144668
0.0354776
0.0354776
0.0784542
0.0784542
0.155812
0.155812
0.276894
0.276894
0.439195
0.439195
0.621784
0.621784
0.789468
0.789468
0.910201
0.910201
0.974118
0.974118
0.996243
0.996243
1
1
1
1
1
1
1
1
1
1
1
1
1
0.999998
0.999998
0.999991
0.999991
0.999961
0.999961
0.999847
0.999847
