0.999807
0.999327
0.999327
0.997853
0.997853
0.993747
0.993747
0.983432
0.983432
0.960225
0.960225
0.91381
0.91381
0.83208
0.83208
0.706876
0.706876
0.542546
0.542546
0.361447
0.361447
0.198458
0.198458
0.0834077
0.0834077
0.0236697
0.0236697
0.00338139
0.00338139
1.10921e-12
9.03726e-12
9.03726e-12
6.84976e-11
6.84976e-11
4.82802e-10
4.82802e-10
3.16283e-09
3.16283e-09
1.9243e-08
1.9243e-08
1.0863e-07
1.0863e-07
5.68334e-07
5.68334e-07
2.75193e-06
2.75193e-06
1.23125e-05
1.23125e-05
5.08066e-05
5.08066e-05
0.000192938
0.000192938
0.000672633
0.000672633
0.00214682
0.00214682
0.00625347
0.00625347
0.0165679
0.0165679
0.0397752
0.0397752
0.08619
0.08619
0.16792
0.16792
0.293124
0.293124
0.457454
0.457454
0.638553
0.638553
0.801542
0.801542
0.916592
0.916592
0.97633
0.97633
0.996619
0.996619
1
1
1
1
1
1
1
1
1
1
1
0.999999
0.999999
0.999997
0.999997
0.999988
0.999988
0.999949
0.999949
0.999807
