0.999759
0.999759
0.99918
0.99918
0.997443
0.997443
0.992715
0.992715
0.981111
0.981111
0.955583
0.955583
0.905637
0.905637
0.819559
0.819559
0.690443
0.690443
0.524436
0.524436
0.345148
0.345148
0.186953
0.186953
0.0774339
0.0774339
0.0216409
0.0216409
0.00304325
0.00304325
1.90202e-12
1.49833e-11
1.49833e-11
1.09928e-10
1.09928e-10
7.50805e-10
7.50805e-10
4.77085e-09
4.77085e-09
2.81817e-08
2.81817e-08
1.546e-07
1.546e-07
7.86694e-07
7.86694e-07
3.70799e-06
3.70799e-06
1.61619e-05
1.61619e-05
6.50197e-05
6.50197e-05
0.000240908
0.000240908
0.000820051
0.000820051
0.00255748
0.00255748
0.00728491
0.00728491
0.0188886
0.0188886
0.0444167
0.0444167
0.094363
0.094363
0.180441
0.180441
0.309557
0.309557
0.475564
0.475564
0.654852
0.654852
0.813047
0.813047
0.922566
0.922566
0.978359
0.978359
0.996957
0.996957
1
1
1
1
1
1
1
1
1
1
1
0.999999
0.999999
0.999996
0.999996
0.999984
0.999984
0.999935
0.999935
