0.999917
0.999701
0.999701
0.999006
0.999006
0.99697
0.99697
0.991555
0.991555
0.978559
0.978559
0.950589
0.950589
0.897029
0.897029
0.806648
0.806648
0.673842
0.673842
0.506507
0.506507
0.329329
0.329329
0.176001
0.176001
0.0718546
0.0718546
0.0197811
0.0197811
0.00273893
0.00273893
3.21014e-12
2.44778e-11
2.44778e-11
1.74016e-10
1.74016e-10
1.15281e-09
1.15281e-09
7.11194e-09
7.11194e-09
4.08236e-08
4.08236e-08
2.1781e-07
2.1781e-07
1.07882e-06
1.07882e-06
4.95339e-06
4.95339e-06
2.10477e-05
2.10477e-05
8.26085e-05
8.26085e-05
0.000298822
0.000298822
0.000993795
0.000993795
0.00303023
0.00303023
0.00844528
0.00844528
0.0214414
0.0214414
0.0494113
0.0494113
0.102971
0.102971
0.193352
0.193352
0.326158
0.326158
0.493493
0.493493
0.670671
0.670671
0.823999
0.823999
0.928145
0.928145
0.980219
0.980219
0.997261
0.997261
1
1
1
1
1
1
1
1
1
1
1
0.999999
0.999999
0.999995
0.999995
0.999979
0.999979
0.999917
