0.999896
0.999896
0.999632
0.999632
0.998803
0.998803
0.996428
0.996428
0.990255
0.990255
0.975762
0.975762
0.945233
0.945233
0.887991
0.887991
0.793367
0.793367
0.657109
0.657109
0.488789
0.488789
0.313996
0.313996
0.165587
0.165587
0.0666472
0.0666472
0.0180769
0.0180769
0.00246503
0.00246503
5.33691e-12
3.94316e-11
3.94316e-11
2.71895e-10
2.71895e-10
1.74872e-09
1.74872e-09
1.04831e-08
1.04831e-08
5.85222e-08
5.85222e-08
3.03911e-07
3.03911e-07
1.46628e-06
1.46628e-06
6.56282e-06
6.56282e-06
2.72038e-05
2.72038e-05
0.00010423
0.00010423
0.000368319
0.000368319
0.00119744
0.00119744
0.00357173
0.00357173
0.00974489
0.00974489
0.0242384
0.0242384
0.0547673
0.0547673
0.112009
0.112009
0.206633
0.206633
0.342891
0.342891
0.511211
0.511211
0.686004
0.686004
0.834413
0.834413
0.933353
0.933353
0.981923
0.981923
0.997535
0.997535
1
1
1
1
1
1
1
1
1
1
1
0.999999
0.999999
0.999993
0.999993
0.999973
0.999973
