0.999965
0.999869
0.999869
0.999549
0.999549
0.998565
0.998565
0.995811
0.995811
0.988806
0.988806
0.972709
0.972709
0.939509
0.939509
0.878529
0.878529
0.779741
0.779741
0.640277
0.640277
0.47131
0.47131
0.299155
0.299155
0.155693
0.155693
0.0617902
0.0617902
0.0165157
0.0165157
0.00221853
0.00221853
8.74637e-12
6.26779e-11
6.26779e-11
4.19578e-10
4.19578e-10
2.62216e-09
2.62216e-09
1.5287e-08
1.5287e-08
8.30611e-08
8.30611e-08
4.20148e-07
4.20148e-07
1.97593e-06
1.97593e-06
8.62692e-06
8.62692e-06
3.49064e-05
3.49064e-05
0.000130639
0.000130639
0.000451231
0.000451231
0.00143487
0.00143487
0.00418905
0.00418905
0.0111942
0.0111942
0.0272913
0.0272913
0.0604915
0.0604915
0.121471
0.121471
0.220259
0.220259
0.359723
0.359723
0.52869
0.52869
0.700845
0.700845
0.844307
0.844307
0.93821
0.93821
0.983484
0.983484
0.997781
0.997781
1
1
1
1
1
1
1
1
1
1
1
0.999998
0.999998
0.999991
0.999991
0.999965
