0.999956
0.999956
0.999837
0.999837
0.99945
0.99945
0.99829
0.99829
0.99511
0.99511
0.987196
0.987196
0.969389
0.969389
0.933411
0.933411
0.86865
0.86865
0.765795
0.765795
0.62338
0.62338
0.454094
0.454094
0.284809
0.284809
0.146303
0.146303
0.0572628
0.0572628
0.015086
0.015086
0.00199668
0.00199668
1.41395e-11
9.83679e-11
9.83679e-11
6.39836e-10
6.39836e-10
3.88865e-09
3.88865e-09
2.20644e-08
2.20644e-08
1.1677e-07
1.1677e-07
5.75727e-07
5.75727e-07
2.64103e-06
2.64103e-06
1.12549e-05
1.12549e-05
4.44797e-05
4.44797e-05
0.000162698
0.000162698
0.000549595
0.000549595
0.00171029
0.00171029
0.00488957
0.00488957
0.0128039
0.0128039
0.0306113
0.0306113
0.0665894
0.0665894
0.13135
0.13135
0.234205
0.234205
0.37662
0.37662
0.545906
0.545906
0.715191
0.715191
0.853697
0.853697
0.942737
0.942737
0.984914
0.984914
0.998003
0.998003
1
1
1
1
1
1
1
1
1
0.999999
0.999999
0.999997
0.999997
0.999989
0.999989
