0.999985
0.999944
0.999944
0.999799
0.999799
0.999334
0.999334
0.997972
0.997972
0.994319
0.994319
0.985415
0.985415
0.965791
0.965791
0.926934
0.926934
0.858364
0.858364
0.751553
0.751553
0.606451
0.606451
0.437166
0.437166
0.270958
0.270958
0.137399
0.137399
0.0530451
0.0530451
0.0137771
0.0137771
0.00179701
0.00179701
2.25624e-11
1.52515e-10
1.52515e-10
9.64717e-10
9.64717e-10
5.70622e-09
5.70622e-09
3.1535e-08
3.1535e-08
1.62665e-07
1.62665e-07
7.82257e-07
7.82257e-07
3.50242e-06
3.50242e-06
1.45773e-05
1.45773e-05
5.63015e-05
5.63015e-05
0.000201388
0.000201388
0.000665664
0.000665664
0.00202821
0.00202821
0.00568101
0.00568101
0.0145847
0.0145847
0.0342091
0.0342091
0.0730655
0.0730655
0.141636
0.141636
0.248447
0.248447
0.393549
0.393549
0.562834
0.562834
0.729042
0.729042
0.862601
0.862601
0.946955
0.946955
0.986223
0.986223
0.998203
0.998203
1
1
1
1
1
1
1
1
1
0.999999
0.999999
0.999996
0.999996
0.999985
