0.999981
0.999981
0.999929
0.999929
0.999752
0.999752
0.999198
0.999198
0.997607
0.997607
0.993429
0.993429
0.983453
0.983453
0.961905
0.961905
0.920077
0.920077
0.847683
0.847683
0.737043
0.737043
0.589523
0.589523
0.420545
0.420545
0.257602
0.257602
0.128963
0.128963
0.0491183
0.0491183
0.0125791
0.0125791
0.00161731
0.00161731
3.55576e-11
2.33735e-10
2.33735e-10
1.43887e-09
1.43887e-09
8.2891e-09
8.2891e-09
4.4648e-08
4.4648e-08
2.24625e-07
2.24625e-07
1.05427e-06
1.05427e-06
4.60991e-06
4.60991e-06
1.87498e-05
1.87498e-05
7.08101e-05
7.08101e-05
0.000247815
0.000247815
0.000801919
0.000801919
0.00239349
0.00239349
0.00657137
0.00657137
0.0165471
0.0165471
0.0380948
0.0380948
0.0799225
0.0799225
0.152317
0.152317
0.262957
0.262957
0.410477
0.410477
0.579455
0.579455
0.742398
0.742398
0.871037
0.871037
0.950882
0.950882
0.987421
0.987421
0.998383
0.998383
1
1
1
1
1
1
1
1
1
0.999999
0.999999
0.999995
0.999995
