0.999994
0.999976
0.999976
0.999911
0.999911
0.999697
0.999697
0.999039
0.999039
0.997189
0.997189
0.992431
0.992431
0.981298
0.981298
0.957722
0.957722
0.912838
0.912838
0.836619
0.836619
0.722291
0.722291
0.572625
0.572625
0.404251
0.404251
0.244738
0.244738
0.120979
0.120979
0.0454644
0.0454644
0.0114829
0.0114829
0.00145558
0.00145558
5.53754e-11
3.54248e-10
3.54248e-10
2.12389e-09
2.12389e-09
1.1925e-08
1.1925e-08
6.26457e-08
6.26457e-08
3.07589e-07
3.07589e-07
1.40984e-06
1.40984e-06
6.02389e-06
6.02389e-06
2.39558e-05
2.39558e-05
8.85107e-05
8.85107e-05
0.000303226
0.000303226
0.000961076
0.000961076
0.00281128
0.00281128
0.00756895
0.00756895
0.0187019
0.0187019
0.0422775
0.0422775
0.0871619
0.0871619
0.163381
0.163381
0.277709
0.277709
0.427375
0.427375
0.595749
0.595749
0.755262
0.755262
0.879021
0.879021
0.954536
0.954536
0.988517
0.988517
0.998544
0.998544
1
1
1
1
1
1
1
1
1
0.999999
0.999999
0.999994
