0.999992
0.999992
0.99997
0.99997
0.99989
0.99989
0.999631
0.999631
0.998854
0.998854
0.996713
0.996713
0.991318
0.991318
0.978941
0.978941
0.953234
0.953234
0.905216
0.905216
0.825186
0.825186
0.707324
0.707324
0.555788
0.555788
0.3883
0.3883
0.232362
0.232362
0.113427
0.113427
0.0420662
0.0420662
0.0104802
0.0104802
0.00131002
0.00131002
8.52627e-11
5.31213e-10
5.31213e-10
3.104e-09
3.104e-09
1.69971e-08
1.69971e-08
8.71401e-08
8.71401e-08
4.17814e-07
4.17814e-07
1.87124e-06
1.87124e-06
7.81708e-06
7.81708e-06
3.04113e-05
3.04113e-05
0.000109982
0.000109982
0.000369011
0.000369011
0.0011461
0.0011461
0.00328705
0.00328705
0.00868224
0.00868224
0.0210595
0.0210595
0.046766
0.046766
0.0947838
0.0947838
0.174814
0.174814
0.292676
0.292676
0.444212
0.444212
0.6117
0.6117
0.767638
0.767638
0.886573
0.886573
0.957934
0.957934
0.98952
0.98952
0.99869
0.99869
1
1
1
1
1
1
1
1
1
0.999998
0.999998
