0.999998
0.99999
0.99999
0.999962
0.999962
0.999864
0.999864
0.999553
0.999553
0.99864
0.99864
0.996173
0.996173
0.99008
0.99008
0.97637
0.97637
0.948432
0.948432
0.897213
0.897213
0.8134
0.8134
0.692171
0.692171
0.539039
0.539039
0.372706
0.372706
0.220469
0.220469
0.106291
0.106291
0.0389076
0.0389076
0.00956315
0.00956315
0.00117902
0.00117902
1.29858e-10
7.88491e-10
7.88491e-10
4.49331e-09
4.49331e-09
2.40114e-08
2.40114e-08
1.20207e-07
1.20207e-07
5.63157e-07
5.63157e-07
2.46583e-06
2.46583e-06
1.00765e-05
1.00765e-05
3.83684e-05
3.83684e-05
0.000135885
0.000135885
0.000446719
0.000446719
0.00136019
0.00136019
0.00382657
0.00382657
0.00991996
0.00991996
0.0236301
0.0236301
0.0515678
0.0515678
0.102787
0.102787
0.1866
0.1866
0.307829
0.307829
0.460961
0.460961
0.627294
0.627294
0.779531
0.779531
0.893709
0.893709
0.961092
0.961092
0.990437
0.990437
0.998821
0.998821
1
1
1
1
1
1
1
0.999999
0.999999
0.999998
