0.999997
0.999997
0.999987
0.999987
0.999952
0.999952
0.999833
0.999833
0.999462
0.999462
0.998393
0.998393
0.995564
0.995564
0.988709
0.988709
0.973576
0.973576
0.94331
0.94331
0.888832
0.888832
0.801277
0.801277
0.676858
0.676858
0.522406
0.522406
0.357482
0.357482
0.209051
0.209051
0.0995528
0.0995528
0.0359732
0.0359732
0.00872474
0.00872474
0.00106112
0.00106112
1.95721e-10
1.15897e-09
1.15897e-09
6.44511e-09
6.44511e-09
3.3631e-08
3.3631e-08
1.64502e-07
1.64502e-07
7.53424e-07
7.53424e-07
3.22689e-06
3.22689e-06
1.29057e-05
1.29057e-05
4.812e-05
4.812e-05
0.000166968
0.000166968
0.000538067
0.000538067
0.00160683
0.00160683
0.00443591
0.00443591
0.011291
0.011291
0.0264239
0.0264239
0.0566897
0.0566897
0.111168
0.111168
0.198723
0.198723
0.323142
0.323142
0.477594
0.477594
0.642518
0.642518
0.790949
0.790949
0.900447
0.900447
0.964027
0.964027
0.991275
0.991275
0.998939
0.998939
1
1
1
1
1
1
1
0.999999
0.999999
