0.999999
0.999996
0.999996
0.999984
0.999984
0.99994
0.99994
0.999796
0.999796
0.999355
0.999355
0.99811
0.99811
0.994879
0.994879
0.987196
0.987196
0.97055
0.97055
0.937862
0.937862
0.880076
0.880076
0.788835
0.788835
0.661412
0.661412
0.505913
0.505913
0.342639
0.342639
0.198101
0.198101
0.0931949
0.0931949
0.0332483
0.0332483
0.00795837
0.00795837
0.000955005
0.000955005
2.92046e-10
1.68759e-09
1.68759e-09
9.1637e-09
9.1637e-09
4.67181e-08
4.67181e-08
2.23395e-07
2.23395e-07
1.00077e-06
1.00077e-06
4.19477e-06
4.19477e-06
1.64271e-05
1.64271e-05
6.00049e-05
6.00049e-05
0.000204078
0.000204078
0.000644943
0.000644943
0.00188974
0.00188974
0.00512141
0.00512141
0.0128043
0.0128043
0.0294505
0.0294505
0.0621375
0.0621375
0.119924
0.119924
0.211165
0.211165
0.338588
0.338588
0.494087
0.494087
0.657361
0.657361
0.801899
0.801899
0.906805
0.906805
0.966752
0.966752
0.992042
0.992042
0.999045
0.999045
1
1
1
1
1
1
1
0.999999
