0.999999
0.999999
0.999995
0.999995
0.999979
0.999979
0.999926
0.999926
0.999752
0.999752
0.999231
0.999231
0.997787
0.997787
0.99411
0.99411
0.985531
0.985531
0.967281
0.967281
0.932084
0.932084
0.870952
0.870952
0.776093
0.776093
0.645862
0.645862
0.489586
0.489586
0.328185
0.328185
0.187611
0.187611
0.0872002
0.0872002
0.0307193
0.0307193
0.00725804
0.00725804
0.000859505
0.000859505
4.316e-10
2.4352e-09
2.4352e-09
1.29191e-08
1.29191e-08
6.43858e-08
6.43858e-08
3.01132e-07
3.01132e-07
1.32017e-06
1.32017e-06
5.41801e-06
5.41801e-06
2.07849e-05
2.07849e-05
7.44122e-05
7.44122e-05
0.000248165
0.000248165
0.000769422
0.000769422
0.0022129
0.0022129
0.0058897
0.0058897
0.0144689
0.0144689
0.0327192
0.0327192
0.0679161
0.0679161
0.129048
0.129048
0.223907
0.223907
0.354138
0.354138
0.510414
0.510414
0.671815
0.671815
0.812389
0.812389
0.9128
0.9128
0.969281
0.969281
0.992742
0.992742
0.99914
0.99914
1
1
1
1
1
1
1
