1
0.999998
0.999998
0.999993
0.999993
0.999974
0.999974
0.999908
0.999908
0.9997
0.9997
0.999086
0.999086
0.997419
0.997419
0.993252
0.993252
0.983706
0.983706
0.963761
0.963761
0.925971
0.925971
0.861466
0.861466
0.76307
0.76307
0.630235
0.630235
0.473446
0.473446
0.314128
0.314128
0.17757
0.17757
0.0815521
0.0815521
0.0283732
0.0283732
0.00661818
0.00661818
0.000773554
0.000773555
6.3196e-10
3.48359e-09
3.48359e-09
1.80658e-08
1.80658e-08
8.80604e-08
8.80604e-08
4.03036e-07
4.03036e-07
1.72996e-06
1.72996e-06
6.9547e-06
6.9547e-06
2.61476e-05
2.61476e-05
9.17875e-05
9.17875e-05
0.00030029
0.00030029
0.00091377
0.00091377
0.00258058
0.00258058
0.00674762
0.00674762
0.0162939
0.0162939
0.0362389
0.0362389
0.0740293
0.0740293
0.138534
0.138534
0.23693
0.23693
0.369765
0.369765
0.526554
0.526554
0.685872
0.685872
0.82243
0.82243
0.918448
0.918448
0.971627
0.971627
0.993382
0.993382
0.999226
0.999226
1
1
1
1
1
1
