0.999999
0.999999
0.999998
0.999998
0.999991
0.999991
0.999967
0.999967
0.999887
0.999887
0.999638
0.999638
0.99892
0.99892
0.997003
0.997003
0.992298
0.992298
0.981712
0.981712
0.959982
0.959982
0.91952
0.91952
0.851627
0.851627
0.749786
0.749786
0.614556
0.614556
0.457514
0.457514
0.300472
0.300472
0.167968
0.167968
0.0762342
0.0762342
0.0261977
0.0261977
0.00603372
0.00603372
0.000696199
0.0006962
9.17123e-10
4.94181e-09
4.94181e-09
2.50653e-08
2.50653e-08
1.19558e-07
1.19558e-07
5.35728e-07
5.35728e-07
2.25243e-06
2.25243e-06
8.87399e-06
8.87399e-06
3.27116e-05
3.27116e-05
0.000112638
0.000112638
0.000361638
0.000361638
0.00108045
0.00108045
0.00299729
0.00299729
0.00770225
0.00770225
0.0182884
0.0182884
0.0400179
0.0400179
0.0804797
0.0804797
0.148373
0.148373
0.250214
0.250214
0.385444
0.385444
0.542486
0.542486
0.699528
0.699528
0.832032
0.832032
0.923766
0.923766
0.973802
0.973802
0.993966
0.993966
0.999304
0.999304
1
1
1
1
1
