1
0.999999
0.999999
0.999997
0.999997
0.999989
0.999989
0.999959
0.999959
0.999862
0.999862
0.999566
0.999566
0.998728
0.998728
0.996532
0.996532
0.991239
0.991239
0.979539
0.979539
0.955936
0.955936
0.912731
0.912731
0.841443
0.841443
0.736263
0.736263
0.598852
0.598852
0.44181
0.44181
0.287222
0.287222
0.158794
0.158794
0.0712306
0.0712306
0.0241813
0.0241813
0.00549997
0.00549997
0.000626579
0.00062658
1.31959e-09
6.95416e-09
6.95416e-09
3.45145e-08
3.45145e-08
1.61175e-07
1.61175e-07
7.07398e-07
7.07398e-07
2.91459e-06
2.91459e-06
1.12578e-05
1.12578e-05
4.07042e-05
4.07042e-05
0.000137538
0.000137538
0.00043352
0.00043352
0.00127214
0.00127214
0.00346778
0.00346778
0.00876086
0.00876086
0.0204614
0.0204614
0.0440641
0.0440641
0.0872691
0.0872691
0.158557
0.158557
0.263737
0.263737
0.401148
0.401148
0.55819
0.55819
0.712778
0.712778
0.841206
0.841206
0.928769
0.928769
0.975819
0.975819
0.9945
0.9945
0.999373
0.999373
1
1
1
1
