1
1
0.999999
0.999999
0.999996
0.999996
0.999986
0.999986
0.99995
0.99995
0.999833
0.999833
0.999483
0.999483
0.998508
0.998508
0.996003
0.996003
0.990069
0.990069
0.977178
0.977178
0.951615
0.951615
0.905602
0.905602
0.830925
0.830925
0.722522
0.722522
0.583148
0.583148
0.426351
0.426351
0.274379
0.274379
0.150038
0.150038
0.0665256
0.0665256
0.0223132
0.0223132
0.00501263
0.00501263
0.000563921
0.000563923
1.88305e-09
9.71019e-09
9.71019e-09
4.71806e-08
4.71806e-08
2.15797e-07
2.15797e-07
9.28117e-07
9.28117e-07
3.7489e-06
3.7489e-06
1.42024e-05
1.42024e-05
5.03876e-05
5.03876e-05
0.000167136
0.000167136
0.000517381
0.000517381
0.0014917
0.0014917
0.00399709
0.00399709
0.00993091
0.00993091
0.0228216
0.0228216
0.0483846
0.0483846
0.0943979
0.0943979
0.169075
0.169075
0.277478
0.277478
0.416852
0.416852
0.573649
0.573649
0.725621
0.725621
0.849962
0.849962
0.933474
0.933474
0.977687
0.977687
0.994987
0.994987
0.999436
0.999436
1
1
1
