1
1
1
0.999999
0.999999
0.999995
0.999995
0.999982
0.999982
0.999938
0.999938
0.999798
0.999798
0.999385
0.999385
0.998258
0.998258
0.99541
0.99541
0.98878
0.98878
0.974622
0.974622
0.947014
0.947014
0.898134
0.898134
0.820085
0.820085
0.708585
0.708585
0.567468
0.567468
0.411154
0.411154
0.261945
0.261945
0.141687
0.141687
0.0621044
0.0621044
0.0205831
0.0205831
0.00456776
0.00456776
0.000507529
0.000507531
2.66576e-09
1.34572e-08
1.34572e-08
6.40422e-08
6.40422e-08
2.87029e-07
2.87029e-07
1.2102e-06
1.2102e-06
4.79425e-06
4.79425e-06
1.78209e-05
1.78209e-05
6.20624e-05
6.20624e-05
0.000202161
0.000202161
0.000614813
0.000614813
0.00174224
0.00174224
0.00459047
0.00459047
0.01122
0.01122
0.0253779
0.0253779
0.0529859
0.0529859
0.101866
0.101866
0.179915
0.179915
0.291415
0.291415
0.432532
0.432532
0.588846
0.588846
0.738055
0.738055
0.858313
0.858313
0.937896
0.937896
0.979417
0.979417
0.995432
0.995432
0.999492
0.999492
1
1
