1
1
1
1
0.999998
0.999998
0.999994
0.999994
0.999978
0.999978
0.999924
0.999924
0.999757
0.999757
0.999272
0.999272
0.997973
0.997973
0.994747
0.994747
0.987364
0.987364
0.971861
0.971861
0.942126
0.942126
0.890329
0.890329
0.808935
0.808935
0.694473
0.694473
0.551836
0.551836
0.396233
0.396233
0.249919
0.249919
0.133729
0.133729
0.0579523
0.0579523
0.0189816
0.0189816
0.00416174
0.00416174
0.000456777
0.00045678
3.74491e-09
1.85157e-08
1.85157e-08
8.63409e-08
8.63409e-08
3.79346e-07
3.79346e-07
1.5686e-06
1.5686e-06
6.09692e-06
6.09692e-06
2.22451e-05
2.22451e-05
7.60723e-05
7.60723e-05
0.000243426
0.000243426
0.000727556
0.000727556
0.00202706
0.00202706
0.00525342
0.00525342
0.0126358
0.0126358
0.0281387
0.0281387
0.0578739
0.0578739
0.109671
0.109671
0.191065
0.191065
0.305527
0.305527
0.448164
0.448164
0.603767
0.603767
0.750081
0.750081
0.866271
0.866271
0.942048
0.942048
0.981018
0.981018
0.995838
0.995838
0.999543
0.999543
1
