1
1
1
1
1
0.999998
0.999998
0.999992
0.999992
0.999972
0.999972
0.999907
0.999907
0.999708
0.999708
0.999142
0.999142
0.99765
0.99765
0.994008
0.994008
0.985814
0.985814
0.968888
0.968888
0.936946
0.936946
0.88219
0.88219
0.797488
0.797488
0.680209
0.680209
0.536276
0.536276
0.381601
0.381601
0.2383
0.2383
0.126151
0.126151
0.0540552
0.0540552
0.0174996
0.0174996
0.00379124
0.00379124
0.000411099
0.000411104
5.22199e-09
2.52983e-08
2.52983e-08
1.15641e-07
1.15641e-07
4.98271e-07
4.98271e-07
2.02143e-06
2.02143e-06
7.71173e-06
7.71173e-06
2.76278e-05
2.76278e-05
9.28076e-05
9.28076e-05
0.000291839
0.000291839
0.000857507
0.000857507
0.0023497
0.0023497
0.00599166
0.00599166
0.0141861
0.0141861
0.0311122
0.0311122
0.0630535
0.0630535
0.11781
0.11781
0.202512
0.202512
0.319791
0.319791
0.463724
0.463724
0.618399
0.618399
0.7617
0.7617
0.873849
0.873849
0.945945
0.945945
0.9825
0.9825
0.996209
0.996209
0.999589
0.999589
