0.99963
1
1
1
0.999999
0.999999
0.999997
0.999997
0.99999
0.99999
0.999966
0.999966
0.999887
0.999887
0.999652
0.999652
0.998993
0.998993
0.997286
0.997286
0.993189
0.993189
0.984121
0.984121
0.965694
0.965694
0.931471
0.931471
0.87372
0.87372
0.785761
0.785761
0.665816
0.665816
0.520809
0.520809
0.367271
0.367271
0.227085
0.227085
0.118941
0.118941
0.0503996
0.0503996
0.0161288
0.0161288
0.00345323
0.00345323
0.00036999
0.000369996
7.22962e-09
3.43326e-08
3.43326e-08
1.53904e-07
1.53904e-07
6.50588e-07
6.50588e-07
2.59046e-06
2.59046e-06
9.70334e-06
9.70334e-06
3.41458e-05
3.41458e-05
0.000112711
0.000112711
0.000348406
0.000348406
0.00100673
0.00100673
0.0027139
0.0027139
0.0068111
0.0068111
0.0158787
0.0158787
0.0343064
0.0343064
0.0685292
0.0685292
0.12628
0.12628
0.214239
0.214239
0.334184
0.334184
0.479191
0.479191
0.632729
0.632729
0.772915
0.772915
0.881059
0.881059
0.9496
0.9496
0.983871
0.983871
0.996547
0.996547
0.99963
