0.999667
0.999667
1
1
1
0.999999
0.999999
0.999997
0.999997
0.999988
0.999988
0.999958
0.999958
0.999864
0.999864
0.999586
0.999586
0.998823
0.998823
0.996876
0.996876
0.992282
0.992282
0.982279
0.982279
0.962271
0.962271
0.925696
0.925696
0.864924
0.864924
0.773766
0.773766
0.651315
0.651315
0.505455
0.505455
0.353253
0.353253
0.216271
0.216271
0.112087
0.112087
0.0469726
0.0469726
0.0148612
0.0148612
0.0031449
0.0031449
0.000332992
0.000333
9.93991e-09
4.62898e-08
4.62898e-08
2.03573e-07
2.03573e-07
8.44575e-07
8.44575e-07
3.30175e-06
3.30175e-06
1.21476e-05
1.21476e-05
4.20023e-05
4.20023e-05
0.00013628
0.00013628
0.000414238
0.000414238
0.00117744
0.00117744
0.00312362
0.00312362
0.00771786
0.00771786
0.0177215
0.0177215
0.0377287
0.0377287
0.0743043
0.0743043
0.135076
0.135076
0.226234
0.226234
0.348685
0.348685
0.494545
0.494545
0.646747
0.646747
0.783729
0.783729
0.887913
0.887913
0.953027
0.953027
0.985139
0.985139
0.996855
0.996855
