0.997136
0.9997
0.9997
1
1
1
0.999999
0.999999
0.999996
0.999996
0.999985
0.999985
0.999949
0.999949
0.999836
0.999836
0.999509
0.999509
0.998628
0.998628
0.996417
0.996417
0.991282
0.991282
0.980278
0.980278
0.958614
0.958614
0.919619
0.919619
0.855808
0.855808
0.761521
0.761521
0.636729
0.636729
0.490235
0.490235
0.339554
0.339554
0.205852
0.205852
0.105576
0.105576
0.0437614
0.0437614
0.0136896
0.0136896
0.00286371
0.00286371
0.000299693
0.000299704
1.35749e-08
6.20181e-08
6.20181e-08
2.67673e-07
2.67673e-07
1.09029e-06
1.09029e-06
4.18633e-06
4.18633e-06
1.51331e-05
1.51331e-05
5.14301e-05
5.14301e-05
0.000164076
0.000164076
0.000490558
0.000490558
0.00137206
0.00137206
0.00358304
0.00358304
0.00871822
0.00871822
0.0197222
0.0197222
0.0413862
0.0413862
0.0803815
0.0803815
0.144192
0.144192
0.238479
0.238479
0.363271
0.363271
0.509765
0.509765
0.660446
0.660446
0.794148
0.794148
0.894424
0.894424
0.956239
0.956239
0.98631
0.98631
0.997136
