0.997393
0.997393
0.99973
0.99973
1
1
1
0.999999
0.999999
0.999995
0.999995
0.999981
0.999981
0.999937
0.999937
0.999803
0.999803
0.999421
0.999421
0.998407
0.998407
0.995903
0.995903
0.990181
0.990181
0.978111
0.978111
0.954714
0.954714
0.913237
0.913237
0.846379
0.846379
0.749042
0.749042
0.62208
0.62208
0.475167
0.475167
0.326184
0.326184
0.195825
0.195825
0.0993943
0.0993943
0.0407542
0.0407542
0.012607
0.012607
0.00260731
0.00260731
0.000269725
0.00026974
1.84192e-08
8.25836e-08
8.25836e-08
3.49935e-07
3.49935e-07
1.3999e-06
1.3999e-06
5.28101e-06
5.28101e-06
1.87628e-05
1.87628e-05
6.26947e-05
6.26947e-05
0.000196724
0.000196724
0.000578708
0.000578708
0.00159316
0.00159316
0.00409656
0.00409656
0.00981862
0.00981862
0.0218886
0.0218886
0.0452857
0.0452857
0.0867625
0.0867625
0.153621
0.153621
0.250958
0.250958
0.37792
0.37792
0.524833
0.524833
0.673816
0.673816
0.804175
0.804175
0.900606
0.900606
0.959246
0.959246
0.987393
0.987393
