0.988393
0.997626
0.997626
0.999757
0.999757
1
1
1
0.999998
0.999998
0.999993
0.999993
0.999977
0.999977
0.999924
0.999924
0.999765
0.999765
0.99932
0.99932
0.998157
0.998157
0.995331
0.995331
0.988974
0.988974
0.975772
0.975772
0.950567
0.950567
0.906552
0.906552
0.836646
0.836646
0.736346
0.736346
0.607389
0.607389
0.460268
0.460268
0.313148
0.313148
0.186182
0.186182
0.0935303
0.0935303
0.0379395
0.0379395
0.011607
0.011607
0.00237355
0.00237356
0.000242755
0.000242774
2.48356e-08
1.09319e-07
1.09319e-07
4.54931e-07
4.54931e-07
1.78801e-06
1.78801e-06
6.62918e-06
6.62918e-06
2.31559e-05
2.31559e-05
7.60976e-05
7.60976e-05
0.000234923
0.000234923
0.000680153
0.000680153
0.0018435
0.0018435
0.00466876
0.00466876
0.0110256
0.0110256
0.0242283
0.0242283
0.0494334
0.0494334
0.0934483
0.0934483
0.163354
0.163354
0.263654
0.263654
0.392611
0.392611
0.539732
0.539732
0.686852
0.686852
0.813818
0.813818
0.90647
0.90647
0.96206
0.96206
0.988393
