0.989316
0.989316
0.99784
0.997839
0.999781
0.999781
1
0.999999
0.999999
0.999998
0.999998
0.999992
0.999992
0.999972
0.999972
0.999908
0.999908
0.999721
0.999721
0.999204
0.999204
0.997874
0.997874
0.994696
0.994696
0.987654
0.987654
0.973251
0.973251
0.946165
0.946165
0.899561
0.899561
0.826616
0.826616
0.72345
0.72345
0.592676
0.592676
0.445556
0.445556
0.300452
0.300452
0.176917
0.176917
0.0879712
0.0879712
0.0353063
0.0353063
0.0106837
0.0106837
0.00216047
0.00216048
0.000218482
0.000218508
3.3284e-08
1.4388e-07
1.4388e-07
5.88239e-07
5.88239e-07
2.27212e-06
2.27212e-06
8.28186e-06
8.28186e-06
2.84501e-05
2.84501e-05
9.19801e-05
9.19801e-05
0.000279446
0.000279446
0.000796488
0.000796488
0.00212602
0.00212602
0.00530445
0.00530445
0.0123459
0.0123459
0.0267488
0.0267488
0.0538349
0.0538349
0.100439
0.100439
0.173384
0.173384
0.27655
0.27655
0.407324
0.407324
0.554444
0.554444
0.699548
0.699548
0.823083
0.823083
0.912029
0.912029
0.964694
0.964694
