0.967156
0.990169
0.990169
0.998034
0.998034
0.999803
0.999803
1
0.999999
0.999999
0.999997
0.999997
0.99999
0.99999
0.999965
0.999965
0.999889
0.999889
0.999669
0.999669
0.999071
0.999071
0.997556
0.997556
0.993991
0.993991
0.986214
0.986214
0.970543
0.970543
0.941505
0.941505
0.892267
0.892267
0.816299
0.816299
0.710373
0.710373
0.577964
0.577964
0.431046
0.431046
0.288098
0.288098
0.168022
0.168022
0.0827047
0.0827047
0.032844
0.032844
0.00983135
0.00983135
0.00196627
0.00196628
0.000196637
0.000196671
4.43436e-08
1.88316e-07
1.88316e-07
7.56627e-07
7.56627e-07
2.8731e-06
2.8731e-06
1.02987e-05
1.02987e-05
3.48031e-05
3.48031e-05
0.000110727
0.000110727
0.00033115
0.00033115
0.000929441
0.000929441
0.00244387
0.00244387
0.00600859
0.00600859
0.0137862
0.0137862
0.0294574
0.0294574
0.0584953
0.0584953
0.107733
0.107733
0.183701
0.183701
0.289627
0.289627
0.422036
0.422036
0.568954
0.568954
0.711902
0.711902
0.831978
0.831978
0.917295
0.917295
0.967156
