0.969457
0.969457
0.990955
0.990955
0.998211
0.998211
0.999823
0.999823
1
0.999999
0.999999
0.999996
0.999996
0.999987
0.999987
0.999958
0.999958
0.999867
0.999867
0.999609
0.999609
0.998919
0.998919
0.9972
0.9972
0.993214
0.993214
0.984647
0.984647
0.967639
0.967639
0.936581
0.936581
0.88467
0.88467
0.805706
0.805706
0.697132
0.697132
0.563273
0.563273
0.416751
0.416751
0.276091
0.276091
0.15949
0.15949
0.0777187
0.0777187
0.0305427
0.0305427
0.00904484
0.00904485
0.00178931
0.00178932
0.000176978
0.000177023
5.87408e-08
2.45147e-07
2.45147e-07
9.68274e-07
9.68274e-07
3.61566e-06
3.61566e-06
1.27491e-05
1.27491e-05
4.23955e-05
4.23955e-05
0.000132769
0.000132769
0.000390979
0.000390979
0.00108088
0.00108088
0.00280034
0.00280034
0.00678635
0.00678635
0.0153533
0.0153533
0.0323612
0.0323612
0.0634191
0.0634191
0.11533
0.11533
0.194294
0.194294
0.302868
0.302868
0.436727
0.436727
0.583249
0.583249
0.723909
0.723909
0.84051
0.84051
0.922281
0.922281
