0.926999
0.971607
0.971607
0.991681
0.991681
0.998372
0.998372
0.999841
0.99984
1
0.999999
0.999999
0.999995
0.999995
0.999984
0.999984
0.999949
0.999949
0.999841
0.999841
0.99954
0.99954
0.998747
0.998747
0.996801
0.996801
0.992357
0.992357
0.982946
0.982946
0.964533
0.964533
0.93139
0.93139
0.876773
0.876773
0.794849
0.794849
0.683746
0.683746
0.54862
0.54862
0.402685
0.402685
0.26443
0.26443
0.151313
0.151313
0.0730011
0.0730011
0.0283929
0.0283929
0.00831929
0.00831929
0.00162808
0.00162809
0.000159286
0.000159345
7.73814e-08
3.1746e-07
3.1746e-07
1.23301e-06
1.23301e-06
4.529e-06
4.529e-06
1.57138e-05
1.57138e-05
5.14328e-05
5.14328e-05
0.00015859
0.00015859
0.00045997
0.00045997
0.00125283
0.00125283
0.00319894
0.00319894
0.00764304
0.00764304
0.0170541
0.0170541
0.035467
0.035467
0.0686102
0.0686102
0.123227
0.123227
0.205151
0.205151
0.316254
0.316254
0.45138
0.45138
0.597315
0.597315
0.73557
0.73557
0.848687
0.848687
0.926999
