0.93146
0.93146
0.973614
0.973614
0.99235
0.99235
0.998519
0.998519
0.999857
0.999856
1
0.999998
0.999998
0.999994
0.999994
0.999981
0.999981
0.999938
0.999938
0.999811
0.999811
0.999461
0.999461
0.998553
0.998553
0.996357
0.996357
0.991416
0.991416
0.981105
0.981105
0.961219
0.961219
0.925928
0.925928
0.868581
0.868581
0.783739
0.783739
0.670233
0.670233
0.534027
0.534027
0.38886
0.38886
0.253119
0.253119
0.143482
0.143482
0.0685403
0.0685403
0.0263856
0.0263856
0.00765017
0.00765017
0.0014812
0.00148122
0.000143365
0.000143443
1.01389e-07
4.09015e-07
4.09015e-07
1.56261e-06
1.56261e-06
5.64748e-06
5.64748e-06
1.92857e-05
1.92857e-05
6.21485e-05
6.21485e-05
0.000188728
0.000188728
0.000539256
0.000539256
0.00144744
0.00144744
0.00364335
0.00364335
0.00858415
0.00858415
0.0188954
0.0188954
0.0387813
0.0387813
0.0740719
0.0740719
0.131419
0.131419
0.216261
0.216261
0.329767
0.329767
0.465973
0.465973
0.61114
0.61114
0.746881
0.746881
0.856518
0.856518
