0.864012
0.935675
0.935675
0.975488
0.975488
0.992967
0.992967
0.998653
0.998652
0.999871
0.99987
0.999999
0.999998
0.999998
0.999993
0.999993
0.999976
0.999976
0.999925
0.999925
0.999776
0.999776
0.99937
0.99937
0.998333
0.998333
0.995863
0.995863
0.990385
0.990385
0.979116
0.979116
0.95769
0.95769
0.920193
0.920193
0.860097
0.860097
0.772388
0.772388
0.656613
0.656613
0.51951
0.51951
0.375286
0.375286
0.242155
0.242155
0.135988
0.135988
0.0643248
0.0643248
0.024512
0.024512
0.00703327
0.00703328
0.00134741
0.00134744
0.000129039
0.000129139
1.32152e-07
5.24375e-07
5.24375e-07
1.9711e-06
1.9711e-06
7.0113e-06
7.0113e-06
2.3572e-05
2.3572e-05
7.48065e-05
7.48065e-05
0.000223781
0.000223781
0.000630074
0.000630074
0.00166703
0.00166703
0.00413743
0.00413743
0.00961527
0.00961527
0.020884
0.020884
0.0423104
0.0423104
0.0798066
0.0798066
0.139903
0.139903
0.227612
0.227612
0.343387
0.343387
0.48049
0.48049
0.624714
0.624714
0.757845
0.757845
0.864012
