0.871179
0.871179
0.939656
0.939656
0.977236
0.977236
0.993535
0.993535
0.998774
0.998774
0.999884
0.999883
0.999999
0.999998
0.999998
0.999991
0.999991
0.999971
0.999971
0.99991
0.99991
0.999736
0.999736
0.999266
0.999266
0.998086
0.998086
0.995315
0.995315
0.989258
0.989258
0.976973
0.976973
0.95394
0.95394
0.914184
0.914184
0.851326
0.851326
0.760811
0.760811
0.642902
0.642902
0.505088
0.505088
0.361972
0.361972
0.231538
0.231538
0.128821
0.128821
0.0603435
0.0603435
0.0227642
0.0227642
0.00646469
0.00646469
0.00122558
0.00122561
0.000116148
0.000116278
1.71374e-07
6.69047e-07
6.69047e-07
2.47512e-06
2.47512e-06
8.66736e-06
8.66736e-06
2.86954e-05
2.86954e-05
8.97039e-05
8.97039e-05
0.00026441
0.00026441
0.00073377
0.00073377
0.00191407
0.00191407
0.00468521
0.00468521
0.0107421
0.0107421
0.0230266
0.0230266
0.04606
0.04606
0.0858163
0.0858163
0.148674
0.148674
0.239189
0.239189
0.357098
0.357098
0.494912
0.494912
0.638028
0.638028
0.768462
0.768462
