0.778733
0.878026
0.878026
0.943414
0.943414
0.978866
0.978866
0.994059
0.994059
0.998885
0.998885
0.999895
0.999895
0.999999
0.999997
0.999997
0.999989
0.999989
0.999965
0.999965
0.999893
0.999893
0.999689
0.999689
0.999148
0.999148
0.997809
0.997809
0.994709
0.994709
0.988029
0.988029
0.97467
0.97467
0.949964
0.949964
0.907898
0.907898
0.842274
0.842274
0.74902
0.74902
0.629121
0.629121
0.490776
0.490776
0.348929
0.348929
0.221267
0.221267
0.121974
0.121974
0.0565856
0.0565856
0.0211342
0.0211342
0.00594078
0.00594079
0.00111463
0.00111468
0.00010455
0.000104717
2.21141e-07
8.49654e-07
8.49654e-07
3.09434e-06
3.09434e-06
1.06702e-05
1.06702e-05
3.47963e-05
3.47963e-05
0.000107175
0.000107175
0.000311346
0.000311346
0.0008518
0.0008518
0.00219119
0.00219119
0.00529091
0.00529091
0.0119706
0.0119706
0.02533
0.02533
0.0500356
0.0500356
0.092102
0.092102
0.157726
0.157726
0.25098
0.25098
0.370879
0.370879
0.509224
0.509224
0.651071
0.651071
0.778733
