0.788663
0.788663
0.884565
0.884565
0.94696
0.94696
0.980385
0.980385
0.994542
0.994542
0.998986
0.998986
0.999906
0.999905
0.999999
0.999996
0.999996
0.999987
0.999987
0.999958
0.999958
0.999872
0.999872
0.999635
0.999635
0.999014
0.999014
0.997499
0.997499
0.994041
0.994041
0.986693
0.986693
0.972199
0.972199
0.945758
0.945758
0.901336
0.901336
0.832949
0.832949
0.73703
0.73703
0.615286
0.615286
0.476592
0.476592
0.336163
0.336163
0.211337
0.211337
0.115435
0.115435
0.0530404
0.0530404
0.0196149
0.0196149
0.00545816
0.00545817
0.00101363
0.00101368
9.41174e-05
9.43301e-05
2.83993e-07
1.07412e-06
1.07412e-06
3.85193e-06
3.85193e-06
1.30828e-05
1.30828e-05
4.20341e-05
4.20341e-05
0.000127592
0.000127592
0.000365391
0.000365391
0.000985739
0.000985739
0.00250116
0.00250116
0.00595888
0.00595888
0.0133065
0.0133065
0.0278005
0.0278005
0.0542423
0.0542423
0.0986644
0.0986644
0.167051
0.167051
0.26297
0.26297
0.384714
0.384714
0.523408
0.523408
0.663837
0.663837
