0.67632
0.798253
0.798253
0.890805
0.890805
0.950302
0.950302
0.981801
0.981801
0.994986
0.994986
0.999078
0.999078
0.999915
0.999914
0.999999
0.999995
0.999995
0.999984
0.999984
0.999949
0.999949
0.999849
0.999849
0.999573
0.999573
0.998863
0.998863
0.997153
0.997153
0.993306
0.993306
0.985244
0.985244
0.969555
0.969555
0.941316
0.941316
0.894497
0.894497
0.823357
0.823357
0.724856
0.724856
0.601417
0.601417
0.462549
0.462549
0.32368
0.32368
0.201747
0.201747
0.109195
0.109195
0.0496979
0.0496979
0.0181992
0.0181992
0.00501371
0.00501372
0.000921674
0.000921744
8.4734e-05
8.50045e-05
3.63006e-07
1.3519e-06
1.3519e-06
4.77501e-06
4.77501e-06
1.59779e-05
1.59779e-05
5.05898e-05
5.05898e-05
0.000151372
0.000151372
0.000427426
0.000427426
0.00113728
0.00113728
0.00284693
0.00284693
0.00669364
0.00669364
0.0147559
0.0147559
0.0304447
0.0304447
0.0586845
0.0586845
0.105503
0.105503
0.176643
0.176643
0.275144
0.275144
0.398583
0.398583
0.537451
0.537451
0.67632
