0.688513
0.688513
0.807508
0.807508
0.896754
0.896754
0.953452
0.953452
0.983119
0.983119
0.995395
0.995395
0.999162
0.999162
0.999923
0.999922
0.999998
0.999994
0.999994
0.999981
0.999981
0.999939
0.999939
0.999821
0.999821
0.999502
0.999502
0.998692
0.998692
0.996768
0.996768
0.9925
0.9925
0.983675
0.983675
0.966731
0.966731
0.936634
0.936634
0.887383
0.887383
0.813507
0.813507
0.712512
0.712512
0.58753
0.58753
0.448662
0.448662
0.311487
0.311487
0.192492
0.192492
0.103246
0.103246
0.046548
0.046548
0.0168807
0.0168807
0.0046045
0.00460453
0.00083798
0.00083807
7.62969e-05
7.66392e-05
4.61895e-07
1.69421e-06
1.69421e-06
5.8953e-06
5.8953e-06
1.94391e-05
1.94391e-05
6.0668e-05
6.0668e-05
0.000178977
0.000178977
0.000498412
0.000498412
0.00130825
0.00130825
0.0032316
0.0032316
0.00749987
0.00749987
0.0163248
0.0163248
0.0332687
0.0332687
0.0633663
0.0633663
0.112617
0.112617
0.186493
0.186493
0.287488
0.287488
0.41247
0.41247
0.551338
0.551338
