0.565056
0.700413
0.700413
0.816433
0.816433
0.902424
0.902424
0.956419
0.956419
0.984347
0.984347
0.995772
0.995772
0.999238
0.999238
0.999931
0.999929
0.999998
0.999993
0.999993
0.999976
0.999976
0.999928
0.999928
0.999789
0.999789
0.999421
0.999421
0.998499
0.998499
0.996342
0.996342
0.991618
0.991618
0.981981
0.981981
0.963722
0.963722
0.931709
0.931709
0.879995
0.879995
0.803407
0.803407
0.700014
0.700014
0.573643
0.573643
0.434944
0.434944
0.299587
0.299587
0.183567
0.183567
0.0975759
0.0975759
0.0435813
0.0435813
0.015653
0.015653
0.00422785
0.00422788
0.000761812
0.000761927
6.87134e-05
6.91447e-05
5.85127e-07
2.11432e-06
2.11432e-06
7.24968e-06
7.24968e-06
2.3562e-05
2.3562e-05
7.24989e-05
7.24989e-05
0.000210921
0.000210921
0.000579395
0.000579395
0.00150058
0.00150058
0.00365843
0.00365843
0.00838236
0.00838236
0.0180192
0.0180192
0.0362784
0.0362784
0.0682914
0.0682914
0.120005
0.120005
0.196593
0.196593
0.299986
0.299986
0.426357
0.426357
0.565056
