0.578591
0.578591
0.712015
0.712015
0.825032
0.825032
0.907824
0.907824
0.959212
0.959212
0.985489
0.985489
0.996119
0.996119
0.999307
0.999307
0.999938
0.999936
0.999997
0.999991
0.999991
0.999972
0.999972
0.999914
0.999914
0.999752
0.999752
0.999328
0.999328
0.998284
0.998284
0.995869
0.995869
0.990654
0.990654
0.980155
0.980155
0.96052
0.96052
0.926537
0.926537
0.872337
0.872337
0.793068
0.793068
0.687377
0.687377
0.559773
0.559773
0.421409
0.421409
0.287985
0.287985
0.174968
0.174968
0.0921764
0.0921764
0.0407885
0.0407885
0.0145105
0.0145105
0.00388125
0.00388129
0.000692502
0.000692649
6.19006e-05
6.24417e-05
7.38047e-07
2.62786e-06
2.62786e-06
8.88091e-06
8.88091e-06
2.84557e-05
2.84557e-05
8.63411e-05
8.63411e-05
0.000247768
0.000247768
0.000671514
0.000671514
0.00171637
0.00171637
0.00413082
0.00413082
0.00934605
0.00934605
0.0198451
0.0198451
0.0394797
0.0394797
0.0734627
0.0734627
0.127663
0.127663
0.206932
0.206932
0.312623
0.312623
0.440227
0.440227
