0.454063
0.591934
0.591934
0.723316
0.723316
0.833311
0.833311
0.912962
0.912962
0.961839
0.961839
0.986552
0.986552
0.996438
0.996437
0.99937
0.99937
0.999944
0.999941
0.999997
0.999989
0.999989
0.999966
0.999966
0.999898
0.999898
0.99971
0.99971
0.999224
0.999224
0.998042
0.998042
0.995348
0.995348
0.989604
0.989604
0.978191
0.978191
0.957122
0.957122
0.921117
0.921117
0.86441
0.86441
0.782499
0.782499
0.674616
0.674616
0.545937
0.545937
0.408066
0.408066
0.276684
0.276684
0.166689
0.166689
0.0870376
0.0870376
0.0381607
0.0381607
0.0134476
0.0134476
0.00356237
0.00356242
0.000629442
0.000629628
5.57843e-05
5.64603e-05
9.27028e-07
3.25316e-06
3.25316e-06
1.08384e-05
1.08384e-05
3.42442e-05
3.42442e-05
0.000102484
0.000102484
0.000290143
0.000290143
0.000775999
0.000775999
0.00195781
0.00195781
0.00465234
0.00465234
0.010396
0.010396
0.0218086
0.0218086
0.042878
0.042878
0.0788828
0.0788828
0.13559
0.13559
0.217501
0.217501
0.325384
0.325384
0.454063
