0.46785
0.46785
0.605072
0.605072
0.734316
0.734316
0.841276
0.841276
0.91785
0.91785
0.964311
0.964311
0.987541
0.987541
0.996731
0.996731
0.999428
0.999427
0.999949
0.999946
0.999996
0.999987
0.999987
0.999959
0.999959
0.999879
0.999879
0.999661
0.999661
0.999106
0.999106
0.997773
0.997773
0.994773
0.994773
0.988463
0.988463
0.976084
0.976084
0.953521
0.953521
0.915446
0.915446
0.856219
0.856219
0.771711
0.771711
0.661748
0.661748
0.53215
0.53215
0.394928
0.394928
0.265684
0.265684
0.158724
0.158724
0.0821499
0.0821499
0.0356894
0.0356894
0.0124591
0.0124591
0.00326908
0.00326914
0.000572076
0.000572312
5.02986e-05
5.11396e-05
1.15964e-06
4.01169e-06
4.01169e-06
1.3179e-05
1.3179e-05
4.10682e-05
4.10682e-05
0.00012125
0.00012125
0.000338728
0.000338728
0.00089418
0.00089418
0.00222726
0.00222726
0.0052267
0.0052267
0.0115372
0.0115372
0.0239155
0.0239155
0.0464785
0.0464785
0.0845536
0.0845536
0.143781
0.143781
0.228289
0.228289
0.338252
0.338252
