0.351212
0.481572
0.481572
0.617996
0.617996
0.745012
0.745012
0.848934
0.848934
0.922496
0.922496
0.966634
0.966634
0.98846
0.98846
0.997001
0.997
0.99948
0.999479
0.999954
0.99995
0.999995
0.999984
0.999984
0.999951
0.999951
0.999857
0.999857
0.999606
0.999606
0.998973
0.998973
0.997473
0.997473
0.994142
0.994142
0.987225
0.987225
0.973828
0.973828
0.949714
0.949714
0.909524
0.909524
0.847768
0.847768
0.760714
0.760714
0.648788
0.648788
0.518428
0.518428
0.382004
0.382004
0.254988
0.254988
0.151066
0.151066
0.0775039
0.0775039
0.0333663
0.0333663
0.0115401
0.0115401
0.00299938
0.00299946
0.000519898
0.000520194
4.53847e-05
4.64268e-05
1.44485e-06
4.92841e-06
4.92841e-06
1.59679e-05
1.59679e-05
4.90863e-05
4.90863e-05
0.000142998
0.000142998
0.000394273
0.000394273
0.00102749
0.00102749
0.00252721
0.00252721
0.00585776
0.00585776
0.012775
0.012775
0.0261718
0.0261718
0.050286
0.050286
0.0904764
0.0904764
0.152232
0.152232
0.239286
0.239286
0.351212
