0.364248
0.364248
0.495215
0.495215
0.630698
0.630698
0.755404
0.755404
0.85629
0.85629
0.92691
0.92691
0.968816
0.968816
0.989314
0.989314
0.997248
0.997248
0.999527
0.999526
0.999958
0.999953
0.999994
0.999981
0.999981
0.999942
0.999942
0.999832
0.999832
0.999542
0.999542
0.998823
0.998823
0.99714
0.99714
0.993451
0.993451
0.985885
0.985885
0.971417
0.971417
0.945695
0.945695
0.903348
0.903348
0.839062
0.839062
0.749522
0.749522
0.635752
0.635752
0.504785
0.504785
0.369302
0.369302
0.244596
0.244596
0.14371
0.14371
0.0730901
0.0730901
0.0311837
0.0311837
0.010686
0.010686
0.00275143
0.00275153
0.000472447
0.000472818
4.09907e-05
4.2277e-05
1.7932e-06
6.03236e-06
6.03236e-06
1.92797e-05
1.92797e-05
5.84774e-05
5.84774e-05
0.000168125
0.000168125
0.000457595
0.000457595
0.00117746
0.00117746
0.00286026
0.00286026
0.00654948
0.00654948
0.0141147
0.0141147
0.0285832
0.0285832
0.0543051
0.0543051
0.0966519
0.0966519
0.160938
0.160938
0.250478
0.250478
