0.261855
0.377344
0.377344
0.508763
0.508763
0.643168
0.643168
0.765493
0.765493
0.863352
0.863352
0.931101
0.931101
0.970866
0.970866
0.990107
0.990107
0.997476
0.997476
0.99957
0.999569
0.999961
0.999956
0.999993
0.999977
0.999977
0.999931
0.999931
0.999803
0.999803
0.99947
0.99947
0.998654
0.998654
0.996771
0.996771
0.992694
0.992694
0.984438
0.984438
0.968845
0.968845
0.94146
0.94146
0.896919
0.896919
0.830108
0.830108
0.738145
0.738145
0.622656
0.622656
0.491237
0.491237
0.356832
0.356832
0.234507
0.234507
0.136648
0.136648
0.0688995
0.0688995
0.0291339
0.0291339
0.00989254
0.00989258
0.00252353
0.00252366
0.000429301
0.000429764
3.7071e-05
3.86525e-05
2.21712e-06
7.3571e-06
7.3571e-06
2.31995e-05
2.31995e-05
6.94422e-05
6.94422e-05
0.000197072
0.000197072
0.000529581
0.000529581
0.00134574
0.00134574
0.00322919
0.00322919
0.00730601
0.00730601
0.0155616
0.0155616
0.0311554
0.0311554
0.0585397
0.0585397
0.103081
0.103081
0.169892
0.169892
0.261855
