0.273404
0.273404
0.390486
0.390486
0.522204
0.522204
0.655401
0.655401
0.775278
0.775278
0.870127
0.870127
0.935077
0.935077
0.97279
0.97279
0.990844
0.990844
0.997686
0.997685
0.999609
0.999607
0.999964
0.999958
0.999991
0.999972
0.999972
0.999918
0.999918
0.99977
0.99977
0.999389
0.999389
0.998466
0.998466
0.996363
0.996363
0.991868
0.991868
0.982879
0.982879
0.966106
0.966106
0.937006
0.937006
0.890238
0.890238
0.820912
0.820912
0.726596
0.726596
0.609514
0.609514
0.477796
0.477796
0.344599
0.344599
0.224722
0.224722
0.129873
0.129873
0.0649229
0.0649229
0.0272098
0.0272098
0.00915564
0.00915569
0.00231411
0.00231427
0.000390078
0.000390652
3.35856e-05
3.5523e-05
2.73112e-06
8.94134e-06
8.94134e-06
2.78238e-05
2.78238e-05
8.22052e-05
8.22052e-05
0.000230323
0.000230323
0.000611197
0.000611197
0.00153409
0.00153409
0.00363687
0.00363687
0.00813157
0.00813157
0.017121
0.017121
0.0338939
0.0338939
0.0629938
0.0629938
0.109762
0.109762
0.179088
0.179088
