0.18852
0.285112
0.285112
0.403658
0.403658
0.535523
0.535523
0.667389
0.667389
0.784763
0.784763
0.876622
0.876622
0.938848
0.938848
0.974596
0.974596
0.991528
0.991528
0.997878
0.997877
0.999645
0.999642
0.999967
0.99996
0.999989
0.999967
0.999967
0.999903
0.999903
0.999732
0.999732
0.999297
0.999297
0.998256
0.998256
0.995914
0.995914
0.990969
0.990969
0.981202
0.981202
0.963196
0.963196
0.932329
0.932329
0.883306
0.883306
0.81148
0.81148
0.714888
0.714888
0.596342
0.596342
0.464477
0.464477
0.332611
0.332611
0.215237
0.215237
0.123378
0.123378
0.0611516
0.0611516
0.0254044
0.0254044
0.00847149
0.00847155
0.00212171
0.00212191
0.000354429
0.000355139
3.05001e-05
3.28648e-05
3.35214e-06
1.08296e-05
1.08296e-05
3.32619e-05
3.32619e-05
9.7017e-05
9.7017e-05
0.00026841
0.00026841
0.000703486
0.000703486
0.00174436
0.00174436
0.00408634
0.00408634
0.0090305
0.0090305
0.0187982
0.0187982
0.0368039
0.0368039
0.0676706
0.0676706
0.116694
0.116694
0.18852
